1 0.7361111111111112 0.7328125 0.7361111111111112 0.7421875 0.8361111111111111 0.803125 0.8583333333333333 0.8265625 0.8833333333333333 0.840625 0.9027777777777778 0.8140625 0.9138888888888889 0.7734375 0.9083333333333333 0.6828125 0.8333333333333334 0.7125 0.7944444444444444 0.7171875 0.7694444444444445 0.7296875 0.7361111111111112 0.7328125
1 0.6944444444444444 0.9921875 0 0
1 0.008333333333333333 0.66875 0 0.671875 0.022222222222222223 0.6859375 0.008333333333333333 0.6875 0 0.6828125 0.008333333333333333 0.690625 0.002777777777777778 0.6921875 0.016666666666666666 0.69375 0.019444444444444445 0.7234375 0.016666666666666666 0.74375 0.002777777777777778 0.74375 0 0.753125 0.005555555555555556 0.7625 0.016666666666666666 0.7578125 0.022222222222222223 0.7609375 0.013888888888888888 0.7859375 0.019444444444444445 0.7890625 0.011111111111111112 0.7953125 0.019444444444444445 0.803125 0.019444444444444445 0.821875 0.011111111111111112 0.8296875 0.022222222222222223 0.8375 0.022222222222222223 0.85 0.008333333333333333 0.8484375 0.011111111111111112 0.8546875 0 0.859375 0.011111111111111112 0.921875 0 0.94375 0 0.9828125 0.013888888888888888 0.984375 0.022222222222222223 0.9953125 0.058333333333333334 0.9984375 0.10555555555555556 0.99375 0.2916666666666667 0.99375 0.31666666666666665 0.9984375 0.3277777777777778 0.984375 0.3111111111111111 0.9609375 0.008333333333333333 0.66875
1 0.20277777777777778 0.703125 0.2 0.709375 0.2222222222222222 0.7390625 0.48333333333333334 0.9953125 0.525 0.9984375 0.6527777777777778 0.9953125 0.6583333333333333 0.990625 0.6666666666666666 0.99375 0.6833333333333333 0.9734375 0.7194444444444444 0.9625 0.725 0.9734375 0.7472222222222222 0.98125 0.7888888888888889 0.98125 0.8111111111111111 0.95 0.8527777777777777 0.95 0.875 0.928125 0.8777777777777778 0.9140625 0.8805555555555555 0.871875 0.8722222222222222 0.8421875 0.8166666666666667 0.796875 0.7305555555555555 0.7453125 0.7194444444444444 0.7265625 0.6638888888888889 0.7125 0.5305555555555556 0.6328125 0.5027777777777778 0.609375 0.4666666666666667 0.6109375 0.35833333333333334 0.740625 0.35 0.7421875 0.3277777777777778 0.7296875 0.30277777777777776 0.7296875 0.275 0.7078125 0.225 0.7109375 0.20277777777777778 0.703125
1 0.2833333333333333 0.76875 0.2777777777777778 0.7921875 0.29444444444444445 0.8109375 0.4861111111111111 0.9953125 0.5944444444444444 0.9953125 0.6027777777777777 0.99375 0.6027777777777777 0.9875 0.6222222222222222 0.9875 0.6277777777777778 0.9828125 0.6638888888888889 0.9828125 0.6916666666666667 0.9671875 0.7166666666666667 0.9609375 0.7555555555555555 0.9796875 0.7666666666666667 0.9765625 0.7916666666666666 0.98125 0.8083333333333333 0.9484375 0.85 0.9515625 0.8777777777777778 0.9109375 0.8805555555555555 0.8765625 0.8722222222222222 0.84375 0.8166666666666667 0.796875 0.7305555555555555 0.7453125 0.7222222222222222 0.73125 0.6638888888888889 0.7125 0.5333333333333333 0.634375 0.5027777777777778 0.609375 0.46944444444444444 0.609375 0.45 0.6265625 0.36666666666666664 0.7375 0.33611111111111114 0.7546875 0.3277777777777778 0.7515625 0.3277777777777778 0.7328125 0.30833333333333335 0.73125 0.2833333333333333 0.76875
1 0.008333333333333333 0.6640625 0 0.6640625 0 0.9953125 0.3194444444444444 0.9984375 0.3277777777777778 0.984375 0.31666666666666665 0.9640625 0.008333333333333333 0.6640625
1 0.075 0.7375 0 0
1 0.002777777777777778 0.671875 0.002777777777777778 0.690625 0.013888888888888888 0.6921875 0.016666666666666666 0.7 0.013888888888888888 0.721875 0.030555555555555555 0.73125 0.011111111111111112 0.7328125 0 0.7484375 0 0.765625 0.013888888888888888 0.775 0.019444444444444445 0.8171875 0.03333333333333333 0.8234375 0.022222222222222223 0.8265625 0.041666666666666664 0.8234375 0.05277777777777778 0.834375 0.030555555555555555 0.85625 0.013888888888888888 0.8546875 0 0.859375 0.005555555555555556 0.903125 0.019444444444444445 0.9171875 0.005555555555555556 0.94375 0 0.98125 0.022222222222222223 0.9890625 0.019444444444444445 0.99375 0.05277777777777778 0.996875 0.3194444444444444 0.9953125 0.325 0.984375 0.3111111111111111 0.9609375 0.23055555555555557 0.8890625 0.1111111111111111 0.765625 0.09444444444444444 0.765625 0.09722222222222222 0.7546875 0.08333333333333333 0.740625 0.075 0.74375 0.05277777777777778 0.7375 0.05 0.7296875 0.06666666666666667 0.7234375 0.05 0.715625 0.03888888888888889 0.6953125 0.019444444444444445 0.6875 0.016666666666666666 0.6765625 0.002777777777777778 0.671875
1 0.20277777777777778 0.70625 0.2 0.7125 0.2388888888888889 0.7578125 0.48333333333333334 0.9953125 0.6916666666666667 0.9953125 0.6944444444444444 0.9828125 0.6805555555555556 0.9859375 0.675 0.9796875 0.6972222222222222 0.965625 0.7138888888888889 0.965625 0.7222222222222222 0.975 0.7361111111111112 0.975 0.7555555555555555 0.984375 0.7916666666666666 0.9796875 0.8111111111111111 0.9515625 0.85 0.95 0.8777777777777778 0.9125 0.8805555555555555 0.8578125 0.8722222222222222 0.8421875 0.8305555555555556 0.80625 0.7305555555555555 0.74375 0.7194444444444444 0.7265625 0.6638888888888889 0.7125 0.5333333333333333 0.634375 0.5027777777777778 0.609375 0.4861111111111111 0.6046875 0.4638888888888889 0.609375 0.36944444444444446 0.73125 0.3527777777777778 0.7421875 0.3277777777777778 0.7296875 0.30277777777777776 0.7296875 0.2777777777777778 0.709375 0.25555555555555554 0.70625 0.225 0.7125 0.20277777777777778 0.70625
1 0.10277777777777777 0.4890625 0.10277777777777777 0.496875 0.15833333333333333 0.5046875 0.45555555555555555 0.5296875 0.49166666666666664 0.528125 0.6388888888888888 0.3640625 0.65 0.340625 0.6666666666666666 0.334375 0.7166666666666667 0.2625 0.7 0.2625 0.6888888888888889 0.26875 0.6527777777777778 0.2671875 0.6138888888888889 0.2453125 0.5888888888888889 0.2390625 0.5472222222222223 0.240625 0.5194444444444445 0.2484375 0.46111111111111114 0.275 0.44722222222222224 0.2890625 0.4166666666666667 0.296875 0.3972222222222222 0.3171875 0.37222222222222223 0.3203125 0.3388888888888889 0.34375 0.3111111111111111 0.353125 0.18333333333333332 0.43125 0.15833333333333333 0.4546875 0.10277777777777777 0.4890625
1 0.1 0.4890625 0.09722222222222222 0.496875 0.1527777777777778 0.5046875 0.4861111111111111 0.53125 0.6027777777777777 0.409375 0.65 0.3453125 0.6694444444444444 0.3328125 0.7222222222222222 0.2671875 0.7222222222222222 0.2578125 0.65 0.2640625 0.6194444444444445 0.2484375 0.6277777777777778 0.24375 0.6027777777777777 0.2359375 0.5361111111111111 0.240625 0.40555555555555556 0.3 0.4027777777777778 0.3078125 0.3861111111111111 0.3171875 0.36944444444444446 0.31875 0.3388888888888889 0.340625 0.3194444444444444 0.3453125 0.1 0.4890625