1 0.6555555555555556 0.6671875 0.6555555555555556 0.6828125 0.7916666666666666 0.75 0.8555555555555555 0.7515625 0.9111111111111111 0.7640625 0.9222222222222223 0.759375 0.9527777777777777 0.7671875 0.9611111111111111 0.7640625 0.975 0.6875 0.975 0.6328125 0.9638888888888889 0.6125 0.8916666666666667 0.6421875 0.8555555555555555 0.6484375 0.8333333333333334 0.659375 0.8027777777777778 0.65625 0.7916666666666666 0.65 0.7833333333333333 0.6546875 0.7777777777777778 0.646875 0.7666666666666667 0.646875 0.6944444444444444 0.6671875
1 0.025 0.675 0.030555555555555555 0.68125 0.022222222222222223 0.6859375 0.044444444444444446 0.678125 0.044444444444444446 0.6734375
1 0.04722222222222222 0.659375 0.044444444444444446 0.66875 0.05555555555555555 0.6703125 0.05555555555555555 0.68125 0 0.7015625 0 0.871875 0.019444444444444445 0.8796875 0.03611111111111111 0.8765625 0.09722222222222222 0.8875 0.13055555555555556 0.8828125 0.20555555555555555 0.9015625 0.2222222222222222 0.9 0.24166666666666667 0.9078125 0.2722222222222222 0.90625 0.34444444444444444 0.915625 0.3611111111111111 0.9125 0.36666666666666664 0.91875 0.39166666666666666 0.9203125 0.39166666666666666 0.9078125 0.3611111111111111 0.878125 0.125 0.69375 0.08888888888888889 0.66875 0.07777777777777778 0.6703125 0.06944444444444445 0.6578125
1 0.1111111111111111 0.5484375 0.1 0.5546875 0.10833333333333334 0.578125 0.18333333333333332 0.6296875 0.2 0.6265625 0.2 0.646875 0.5555555555555556 0.9203125 0.6 0.9328125 0.6111111111111112 0.9328125 0.625 0.9234375 0.6388888888888888 0.93125 0.675 0.9171875 0.7 0.925 0.725 0.9234375 0.7361111111111112 0.9171875 0.7527777777777778 0.921875 0.7916666666666666 0.909375 0.8083333333333333 0.9140625 0.8277777777777777 0.9109375 0.85 0.8953125 0.8722222222222222 0.9 0.8916666666666667 0.8953125 0.9 0.8265625 0.7805555555555556 0.75 0.7833333333333333 0.74375 0.8 0.7421875 0.8138888888888889 0.746875 0.8277777777777777 0.74375 0.8388888888888889 0.75 0.8611111111111112 0.746875 0.8777777777777778 0.7375 0.8805555555555555 0.7515625 0.9027777777777778 0.75 0.9055555555555556 0.7390625 0.8944444444444445 0.7359375 0.9055555555555556 0.73125 0.8833333333333333 0.7265625 0.8777777777777778 0.709375 0.9 0.7078125 0.8916666666666667 0.684375 0.9111111111111111 0.6796875 0.9083333333333333 0.671875 0.8638888888888889 0.6765625 0.8388888888888889 0.6640625 0.8166666666666667 0.671875 0.8111111111111111 0.665625 0.8 0.671875 0.7555555555555555 0.6703125 0.7444444444444445 0.6640625 0.7361111111111112 0.6703125 0.725 0.671875 0.7194444444444444 0.6671875 0.7111111111111111 0.6734375 0.7083333333333334 0.6671875 0.6944444444444444 0.671875 0.6833333333333333 0.66875 0.6861111111111111 0.6734375 0.6472222222222223 0.678125 0.6138888888888889 0.6609375 0.5666666666666667 0.646875 0.5138888888888888 0.6421875 0.4583333333333333 0.6265625 0.4527777777777778 0.61875 0.46111111111111114 0.61875 0.4638888888888889 0.6125 0.4638888888888889 0.565625 0.4444444444444444 0.553125 0.4027777777777778 0.5546875 0.39444444444444443 0.5484375 0.3194444444444444 0.55 0.2916666666666667 0.5421875 0.1638888888888889 0.5359375 0.13333333333333333 0.5390625
1 0.35555555555555557 0.359375 0.3388888888888889 0.36875 0.5861111111111111 0.3734375 0.7166666666666667 0.3484375 0.7305555555555555 0.340625 0.7083333333333334 0.334375 0.525 0.334375 0.4083333333333333 0.3453125
1 0.1 0.5515625 0.10277777777777777 0.575 0.18333333333333332 0.63125 0.2222222222222222 0.621875 0.2833333333333333 0.61875 0.28055555555555556 0.609375 0.30277777777777776 0.6046875 0.37777777777777777 0.6046875 0.41944444444444445 0.615625 0.4666666666666667 0.61875 0.4638888888888889 0.5640625 0.4444444444444444 0.5515625 0.3972222222222222 0.5453125 0.31666666666666665 0.546875 0.3111111111111111 0.5421875 0.20277777777777778 0.5359375 0.13333333333333333 0.5359375
1 0.35 0.359375 0.3388888888888889 0.3703125 0.5861111111111111 0.3734375 0.7388888888888889 0.3421875 0.7055555555555556 0.3328125 0.55 0.33125 0.4083333333333333 0.34375
1 0.6555555555555556 0.66875 0.65 0.678125 0.6583333333333333 0.684375 0.7916666666666666 0.75 0.8583333333333333 0.7515625 0.9583333333333334 0.7640625 0.9722222222222222 0.6828125 0.9722222222222222 0.6296875 0.9583333333333334 0.61875 0.95 0.6171875 0.8916666666666667 0.6421875 0.8611111111111112 0.646875 0.8333333333333334 0.6578125 0.8194444444444444 0.65 0.7944444444444444 0.65 0.7777777777777778 0.64375 0.7194444444444444 0.6625 0.6666666666666666 0.6640625
1 0.12222222222222222 0.54375 0.10277777777777777 0.553125 0.10277777777777777 0.571875 0.18611111111111112 0.63125 0.25277777777777777 0.61875 0.3611111111111111 0.6265625 0.3972222222222222 0.615625 0.4666666666666667 0.61875 0.4666666666666667 0.565625 0.45 0.553125 0.4 0.5515625 0.3888888888888889 0.546875 0.31666666666666665 0.55 0.2972222222222222 0.5421875 0.1638888888888889 0.5359375 0.1361111111111111 0.5375
1 0.005555555555555556 0.5984375 0 0.5953125 0 0.696875 0.07222222222222222 0.6703125 0.05555555555555555 0.640625
1 0.011111111111111112 0.696875 0 0.7015625 0 0.8703125 0.008333333333333333 0.8765625 0.08333333333333333 0.88125 0.09722222222222222 0.8875 0.12777777777777777 0.88125 0.24444444444444444 0.9078125 0.2611111111111111 0.9046875 0.39166666666666666 0.91875 0.39166666666666666 0.9078125 0.3416666666666667 0.8625 0.10833333333333334 0.68125 0.08611111111111111 0.66875
1 0.20277777777777778 0.6328125 0.19444444444444445 0.6375 0.19722222222222222 0.6453125 0.5611111111111111 0.921875 0.6 0.9328125 0.6111111111111112 0.9328125 0.625 0.9234375 0.6388888888888888 0.93125 0.6777777777777778 0.915625 0.7 0.925 0.7361111111111112 0.9171875 0.75 0.9234375 0.7916666666666666 0.909375 0.8333333333333334 0.909375 0.8472222222222222 0.8953125 0.8777777777777778 0.8984375 0.8916666666666667 0.89375 0.8972222222222223 0.8234375 0.8638888888888889 0.80625 0.8444444444444444 0.7875 0.7083333333333334 0.7109375 0.6583333333333333 0.690625 0.6111111111111112 0.659375 0.5666666666666667 0.646875 0.5138888888888888 0.6421875 0.4583333333333333 0.6265625 0.4 0.634375 0.2388888888888889 0.625
1 0.3472222222222222 0.3609375 0.33611111111111114 0.371875 0.5666666666666667 0.375 0.7111111111111111 0.3515625 0.7388888888888889 0.340625 0.7055555555555556 0.3328125 0.55 0.33125 0.40555555555555556 0.34375
1 0.3388888888888889 0.6171875 0.3194444444444444 0.6203125 0.33611111111111114 0.6234375
1 0.09722222222222222 0.553125 0.1 0.5734375 0.18611111111111112 0.6328125 0.21666666666666667 0.6234375 0.25833333333333336 0.61875 0.3111111111111111 0.6234375 0.31666666666666665 0.60625 0.33611111111111114 0.6078125 0.3611111111111111 0.625 0.36944444444444446 0.6109375 0.4666666666666667 0.61875 0.4666666666666667 0.5640625 0.44722222222222224 0.5515625 0.14444444444444443 0.534375 0.13055555555555556 0.5359375