1 0.2722222222222222 0.434375 0.24722222222222223 0.4484375 0.24722222222222223 0.4546875 0.30833333333333335 0.4609375 0.46944444444444444 0.465625 0.5277777777777778 0.4734375 0.5611111111111111 0.46875 0.6166666666666667 0.425 0.5861111111111111 0.4171875 0.5111111111111111 0.4171875 0.43333333333333335 0.409375 0.3055555555555556 0.4203125
1 0.3416666666666667 0.3625 0.3194444444444444 0.4109375 0.24722222222222223 0.4484375 0.25 0.4546875 0.5555555555555556 0.4703125 0.7916666666666666 0.303125 0.8055555555555556 0.2828125 0.725 0.2609375 0.6444444444444445 0.2609375 0.5361111111111111 0.284375 0.48333333333333334 0.3046875 0.4583333333333333 0.3203125 0.4166666666666667 0.3359375 0.4083333333333333 0.3328125 0.3888888888888889 0.3390625
1 0.9166666666666666 0.6875 0.8805555555555555 0.7015625 0.8444444444444444 0.70625 0.71795 0.7019234375 0.7361111111111112 0.7265625 0.8416666666666667 0.7890625 0.8722222222222222 0.815625 0.9305555555555556 0.828125 0.9527777777777777 0.809375 0.9666666666666667 0.69375 0.9583333333333334 0.6828125
1 0.3333333333333333 0.3734375 0.325 0.4140625 0.4527777777777778 0.40625 0.6194444444444445 0.4203125 0.6611111111111111 0.396875 0.8083333333333333 0.2859375 0.7944444444444444 0.278125 0.725 0.2609375 0.6444444444444445 0.2609375 0.5222222222222223 0.2890625 0.41944444444444445 0.3359375 0.40555555555555556 0.334375 0.3888888888888889 0.340625
1 0.002777777777777778 0.659375 0 0.9171875 0.041666666666666664 0.91875 0.058333333333333334 0.9078125 0.08055555555555556 0.915625 0.08888888888888889 0.93125 0.1 0.9359375 0.14166666666666666 0.94375 0.16666666666666666 0.940625 0.175 0.946875 0.2777777777777778 0.9625 0.3055555555555556 0.959375 0.3472222222222222 0.9765625 0.37222222222222223 0.9734375 0.3333333333333333 0.9296875 0.09722222222222222 0.709375 0.019444444444444445 0.6515625
1 0.5666666666666667 0.625 0.5527777777777778 0.6328125 0.525 0.6328125 0.5138888888888888 0.66875 0.5 0.6859375 0.4444444444444444 0.6765625 0.4111111111111111 0.6625 0.3527777777777778 0.659375 0.3416666666666667 0.653125 0.2972222222222222 0.646875 0.18888888888888888 0.6375 0.1638888888888889 0.6375 0.1638888888888889 0.64375 0.31666666666666665 0.7890625 0.5305555555555556 0.978125 0.5527777777777778 0.99375 0.5694444444444444 0.99375 0.5833333333333334 0.9859375 0.5861111111111111 0.9953125 0.6138888888888889 0.9984375 0.6305555555555555 0.9921875 0.6388888888888888 0.98125 0.6527777777777778 0.9875 0.6805555555555556 0.984375 0.6944444444444444 0.9671875 0.7277777777777777 0.96875 0.7333333333333333 0.9734375 0.7611111111111111 0.9640625 0.8138888888888889 0.965625 0.8333333333333334 0.9515625 0.8388888888888889 0.9578125 0.8666666666666667 0.9515625 0.875 0.8859375 0.8527777777777777 0.871875 0.8722222222222222 0.84375 0.8611111111111112 0.8109375 0.8277777777777777 0.784375 0.7083333333333334 0.7171875 0.6305555555555555 0.6828125 0.6083333333333333 0.6671875 0.5777777777777777 0.628125
1 0.3416666666666667 0.36875 0.3388888888888889 0.3921875 0.3194444444444444 0.4203125 0.275 0.434375 0.25277777777777777 0.4515625 0.3055555555555556 0.459375 0.41388888888888886 0.4640625 0.4777777777777778 0.4625 0.4861111111111111 0.4546875 0.49166666666666664 0.465625 0.5333333333333333 0.4703125 0.5583333333333333 0.465625 0.5861111111111111 0.4484375 0.6111111111111112 0.421875 0.6388888888888888 0.4109375 0.6833333333333333 0.3796875 0.7888888888888889 0.303125 0.8027777777777778 0.2859375 0.7888888888888889 0.278125 0.7138888888888889 0.2609375 0.6805555555555556 0.265625 0.6472222222222223 0.2625 0.5277777777777778 0.2890625 0.4583333333333333 0.3234375 0.39444444444444443 0.34375
1 0.005555555555555556 0.6609375 0 0.6796875 0.011111111111111112 0.684375 0 0.6875 0.008333333333333333 0.6921875 0 0.6953125 0 0.9171875 0.05277777777777778 0.9203125 0.05555555555555555 0.9125 0.06944444444444445 0.9125 0.1 0.9375 0.14166666666666666 0.9453125 0.16666666666666666 0.9421875 0.18055555555555555 0.95 0.2111111111111111 0.9515625 0.23333333333333334 0.959375 0.30277777777777776 0.9609375 0.3138888888888889 0.9734375 0.37222222222222223 0.975 0.3333333333333333 0.9296875 0.1 0.7109375 0.05555555555555555 0.678125 0.044444444444444446 0.684375 0.019444444444444445 0.68125 0.027777777777777776 0.6640625
1 0.17222222222222222 0.6390625 0.16666666666666666 0.646875 0.2 0.671875 0.31666666666666665 0.7890625 0.5527777777777778 0.99375 0.5694444444444444 0.99375 0.5833333333333334 0.984375 0.5916666666666667 0.9953125 0.6111111111111112 0.9984375 0.6277777777777778 0.99375 0.6388888888888888 0.9796875 0.6527777777777778 0.9859375 0.6777777777777778 0.984375 0.6944444444444444 0.9671875 0.8138888888888889 0.965625 0.8277777777777777 0.953125 0.8388888888888889 0.9578125 0.8638888888888889 0.953125 0.875 0.8859375 0.85 0.871875 0.8722222222222222 0.8453125 0.8555555555555555 0.8078125 0.8277777777777777 0.7859375 0.7083333333333334 0.7171875 0.6166666666666667 0.675 0.5777777777777777 0.6328125 0.525 0.6359375 0.5166666666666667 0.66875 0.49722222222222223 0.6875 0.4305555555555556 0.675 0.4083333333333333 0.6640625 0.375 0.6578125 0.3472222222222222 0.6609375 0.33055555555555555 0.653125 0.30833333333333335 0.65625 0.275 0.6453125
1 0.2611111111111111 0.44375 0.25 0.4515625 0.26666666666666666 0.4515625
1 0.5138888888888888 0.421875 0.5111111111111111 0.4328125 0.5222222222222223 0.425
1 0.275 0.434375 0.28055555555555556 0.4546875 0.3055555555555556 0.4578125 0.3111111111111111 0.453125 0.3277777777777778 0.459375 0.33611111111111114 0.453125 0.34444444444444444 0.459375 0.3611111111111111 0.459375 0.3638888888888889 0.440625 0.35555555555555557 0.4359375 0.39444444444444443 0.425 0.4111111111111111 0.428125 0.4166666666666667 0.434375 0.4222222222222222 0.43125 0.39444444444444443 0.41875 0.4 0.4125 0.44166666666666665 0.4078125 0.49166666666666664 0.4125 0.5166666666666667 0.415625 0.5305555555555556 0.4234375 0.5388888888888889 0.41875 0.5527777777777778 0.4234375 0.5472222222222223 0.43125 0.5611111111111111 0.4359375 0.5527777777777778 0.453125 0.5333333333333333 0.4484375 0.525 0.45625 0.5416666666666666 0.4671875 0.5583333333333333 0.4671875 0.5777777777777777 0.45625 0.5833333333333334 0.440625 0.5916666666666667 0.4421875 0.5722222222222222 0.4296875 0.5861111111111111 0.425 0.6055555555555555 0.434375 0.7027777777777777 0.36875 0.7611111111111111 0.3203125 0.7888888888888889 0.30625 0.8055555555555556 0.2828125 0.7111111111111111 0.259375 0.6444444444444445 0.2609375 0.5416666666666666 0.2828125 0.4527777777777778 0.321875 0.3888888888888889 0.3390625 0.3388888888888889 0.3640625 0.3194444444444444 0.4125