1 0.3472222222222222 0.9921875 0 0
1 0.002777777777777778 0.65 0.002777777777777778 0.975 0.03888888888888889 0.9890625 0.06944444444444445 0.9890625 0.08333333333333333 0.9953125 0.23333333333333334 0.9984375 0.26944444444444443 0.99375 0.32222222222222224 0.9984375 0.325 0.9796875 0.3416666666666667 0.975 0.3333333333333333 0.959375 0.10833333333333334 0.740625 0.002777777777777778 0.65
1 0.16666666666666666 0.609375 0.16944444444444445 0.6171875 0.16666666666666666 0.609375
1 0.7611111111111111 0.71875 0.7555555555555555 0.728125 0.7666666666666667 0.7375 0.9 0.825 0.9083333333333333 0.7859375 0.9194444444444444 0.771875 0.9166666666666666 0.66875 0.8416666666666667 0.7 0.8027777777777778 0.7046875 0.7611111111111111 0.71875
1 0.005555555555555556 0.75625 0 0
1 0.008333333333333333 0.746875 0.005555555555555556 0.753125 0.008333333333333333 0.746875
1 0.008333333333333333 0.7125 0.008333333333333333 0.7171875 0.027777777777777776 0.721875 0.019444444444444445 0.7328125 0.03888888888888889 0.7328125 0.025 0.746875 0.03333333333333333 0.7796875 0.022222222222222223 0.7875 0.03333333333333333 0.7890625 0.011111111111111112 0.803125 0.019444444444444445 0.8328125 0.008333333333333333 0.8515625 0.005555555555555556 0.884375 0.019444444444444445 0.890625 0.022222222222222223 0.9046875 0 0.9171875 0.008333333333333333 0.9765625 0.027777777777777776 0.9765625 0.044444444444444446 0.984375 0.06944444444444445 0.98125 0.075 0.9890625 0.09722222222222222 0.99375 0.1 0.9890625 0.1527777777777778 0.996875 0.18333333333333332 0.99375 0.21388888888888888 0.9984375 0.24722222222222223 0.99375 0.26666666666666666 0.98125 0.28055555555555556 0.984375 0.275 0.99375 0.28055555555555556 0.9890625 0.3055555555555556 0.9984375 0.31666666666666665 0.9984375 0.3194444444444444 0.99375 0.3611111111111111 0.99375 0.11388888888888889 0.75 0.08333333333333333 0.728125 0.06944444444444445 0.709375 0.05277777777777778 0.7078125 0.05277777777777778 0.6953125 0.041666666666666664 0.6890625 0.019444444444444445 0.69375 0.019444444444444445 0.709375 0.008333333333333333 0.7125
1 0.12222222222222222 0.596875 0.10555555555555556 0.6015625 0.11944444444444445 0.6234375 0.14166666666666666 0.6359375 0.25555555555555554 0.7546875 0.5111111111111111 0.9953125 0.6805555555555556 0.996875 0.6916666666666667 0.9640625 0.7083333333333334 0.98125 0.7166666666666667 0.984375 0.7222222222222222 0.9796875 0.7333333333333333 0.9875 0.7472222222222222 0.9734375 0.75 0.9578125 0.7694444444444445 0.9578125 0.775 0.9640625 0.7888888888888889 0.953125 0.8138888888888889 0.9484375 0.8222222222222222 0.934375 0.8416666666666667 0.9375 0.8638888888888889 0.9328125 0.8638888888888889 0.9140625 0.875 0.9140625 0.8888888888888888 0.8984375 0.8861111111111111 0.8296875 0.8416666666666667 0.790625 0.7361111111111112 0.7203125 0.6777777777777778 0.69375 0.6222222222222222 0.653125 0.5805555555555556 0.6359375 0.5555555555555556 0.5953125 0.5361111111111111 0.58125 0.5305555555555556 0.5859375 0.5111111111111111 0.584375 0.49444444444444446 0.5890625 0.4888888888888889 0.5984375 0.4583333333333333 0.6140625 0.41388888888888886 0.628125 0.4 0.6234375 0.39166666666666666 0.6265625 0.38333333333333336 0.6203125 0.3472222222222222 0.6125 0.23055555555555557 0.60625 0.21666666666666667 0.6 0.12222222222222222 0.596875
1 0.005555555555555556 0.65625 0 0.7609375 0.013888888888888888 0.778125 0.002777777777777778 0.815625 0.002777777777777778 0.884375 0.013888888888888888 0.903125 0 0.909375 0.005555555555555556 0.9765625 0.03888888888888889 0.9859375 0.06944444444444445 0.9828125 0.075 0.990625 0.12222222222222222 0.990625 0.1388888888888889 0.996875 0.3611111111111111 0.9953125 0.3333333333333333 0.959375 0.25 0.8875 0.14722222222222223 0.78125 0.058333333333333334 0.7046875 0.011111111111111112 0.6546875 0.005555555555555556 0.65625
1 0.1 0.596875 0.10277777777777777 0.609375 0.5111111111111111 0.9953125 0.6777777777777778 0.9984375 0.6916666666666667 0.9796875 0.7055555555555556 0.99375 0.7361111111111112 0.9953125 0.7527777777777778 0.9609375 0.7722222222222223 0.965625 0.7888888888888889 0.953125 0.8083333333333333 0.9515625 0.825 0.9359375 0.8416666666666667 0.9375 0.8666666666666667 0.93125 0.8638888888888889 0.921875 0.8805555555555555 0.9140625 0.8916666666666667 0.890625 0.8861111111111111 0.828125 0.8388888888888889 0.7875 0.7416666666666667 0.725 0.6722222222222223 0.6890625 0.6194444444444445 0.6515625 0.5861111111111111 0.6390625 0.5416666666666666 0.565625 0.525 0.5625 0.475 0.5984375 0.41388888888888886 0.6265625 0.34444444444444444 0.6109375 0.175 0.5953125 0.1 0.596875
1 0.2111111111111111 0.4859375 0.2111111111111111 0.49375 0.2388888888888889 0.4984375 0.49166666666666664 0.5140625 0.5472222222222223 0.5125 0.6222222222222222 0.4171875 0.6333333333333333 0.3890625 0.65 0.375 0.6444444444444445 0.3515625 0.6805555555555556 0.3484375 0.6805555555555556 0.3234375 0.6666666666666666 0.33125 0.6472222222222223 0.328125 0.5833333333333334 0.296875 0.5611111111111111 0.29375 0.5388888888888889 0.303125 0.4777777777777778 0.3140625 0.4722222222222222 0.3203125 0.48333333333333334 0.3359375 0.4722222222222222 0.3375 0.46944444444444444 0.34375 0.4638888888888889 0.340625 0.46111111111111114 0.346875 0.4361111111111111 0.3421875 0.4361111111111111 0.3484375 0.4222222222222222 0.3453125 0.4 0.353125 0.35833333333333334 0.378125 0.35 0.39375 0.33055555555555555 0.3953125 0.2972222222222222 0.43125 0.275 0.4375 0.2111111111111111 0.4859375
1 0.2111111111111111 0.4828125 0.20277777777777778 0.49375 0.23055555555555557 0.4984375 0.5111111111111111 0.5171875 0.55 0.5140625 0.6527777777777778 0.371875 0.6805555555555556 0.35625 0.7 0.328125 0.6972222222222222 0.3171875 0.625 0.3140625 0.5888888888888889 0.2953125 0.5583333333333333 0.2890625 0.5472222222222223 0.2890625 0.5194444444444445 0.303125 0.46944444444444444 0.3109375 0.33055555555555555 0.3921875 0.29444444444444445 0.428125 0.275 0.434375 0.2111111111111111 0.4828125
1 0.10555555555555556 0.996875 0.125 0.9984375 0.10555555555555556 0.996875
1 0.016666666666666666 0.984375 0 0.984375 0 0.9984375 0.044444444444444446 0.9984375 0.041666666666666664 0.9921875 0.05925833333333333 0.9984375 0.08888888888888889 0.9984375 0.016666666666666666 0.984375