1 0.002777777777777778 0.66875 0.002777777777777778 0.971875 0.05 0.984375 0.06944444444444445 0.9828125 0.1 0.990625 0.13055555555555556 0.9875 0.15833333333333333 0.9984375 0.18333333333333332 0.9984375 0.2 0.9921875 0.23055555555555557 0.9984375 0.33611111111111114 0.9953125 0.3416666666666667 0.9765625 0.3055555555555556 0.934375 0.25277777777777777 0.8953125 0.18333333333333332 0.8234375
1 0.005555555555555556 0.678125 0.005555555555555556 0.9734375 0.1 0.9890625 0.13333333333333333 0.9875 0.16111111111111112 0.9984375 0.17777777777777778 0.9984375 0.19444444444444445 0.990625 0.21666666666666667 0.9984375 0.3527777777777778 0.9953125 0.3527777777777778 0.9828125 0.30277777777777776 0.9328125 0.25555555555555554 0.896875 0.15 0.7953125 0.13055555555555556 0.7859375 0.08333333333333333 0.7375
1 0.03611111111111111 0.55625 0.027777777777777776 0.5625 0.03888888888888889 0.575 0.5194444444444445 0.9953125 0.5638888888888889 0.9984375 0.625 0.990625 0.6277777777777778 0.99375 0.6361111111111111 0.9859375 0.6611111111111111 0.99375 0.6805555555555556 0.9890625 0.6805555555555556 0.99375 0.7083333333333334 0.9703125 0.7055555555555556 0.9625 0.7444444444444445 0.9625 0.7361111111111112 0.9484375 0.7527777777777778 0.9328125 0.775 0.9375 0.8055555555555556 0.9328125 0.8166666666666667 0.9140625 0.8555555555555555 0.890625 0.8666666666666667 0.884375 0.8888888888888888 0.8828125 0.8916666666666667 0.809375 0.8388888888888889 0.7578125 0.8055555555555556 0.7390625 0.7805555555555556 0.7109375 0.775 0.6921875 0.65 0.6203125 0.625 0.5984375 0.625 0.5875 0.6055555555555555 0.584375 0.6138888888888889 0.575 0.6222222222222222 0.5765625 0.6194444444444445 0.56875 0.6055555555555555 0.5703125 0.6055555555555555 0.5484375 0.5833333333333334 0.5578125 0.575 0.553125 0.575 0.5671875 0.5527777777777778 0.571875 0.5166666666666667 0.5921875 0.46944444444444444 0.590625 0.4388888888888889 0.58125 0.2777777777777778 0.56875 0.2 0.5734375 0.19444444444444445 0.5671875 0.1527777777777778 0.559375
1 0.55 0.4734375 0.5416666666666666 0.46875 0.5444444444444444 0.475
1 0.4888888888888889 0.44375 0.49166666666666664 0.453125 0.5027777777777778 0.4453125
1 0.35555555555555557 0.4734375 0.3611111111111111 0.4796875 0.35 0.4828125 0.36666666666666664 0.4828125 0.37222222222222223 0.4875 0.525 0.4984375 0.5583333333333333 0.496875 0.5722222222222222 0.5015625 0.5944444444444444 0.5015625 0.5972222222222222 0.4890625 0.6138888888888889 0.4875 0.5944444444444444 0.4765625 0.6111111111111112 0.475 0.6083333333333333 0.4703125 0.5777777777777777 0.4703125 0.5527777777777778 0.4890625 0.5472222222222223 0.48125 0.525 0.4875 0.5138888888888888 0.4828125 0.5333333333333333 0.45625 0.5166666666666667 0.45 0.5055555555555555 0.465625 0.49444444444444446 0.4578125 0.475 0.4609375 0.46944444444444444 0.4578125 0.48055555555555557 0.453125 0.48055555555555557 0.4359375 0.4722222222222222 0.440625 0.4527777777777778 0.434375 0.4388888888888889 0.4375 0.43333333333333335 0.4328125 0.4222222222222222 0.4375 0.4222222222222222 0.4546875 0.40555555555555556 0.465625 0.3888888888888889 0.4609375 0.37777777777777777 0.471875
1 0.008333333333333333 0.875 0.011111111111111112 0.896875 0.019444444444444445 0.9 0.016666666666666666 0.9265625 0.005555555555555556 0.9359375 0.019444444444444445 0.9625 0.011111111111111112 0.9703125 0.016666666666666666 0.9734375 0.10277777777777777 0.9875 0.12777777777777777 0.984375 0.16666666666666666 0.9984375 0.19444444444444445 0.984375 0.23333333333333334 0.9984375 0.2638888888888889 0.99375 0.31666666666666665 0.9984375 0.33611111111111114 0.99375 0.33055555555555555 0.9640625 0.25 0.896875 0.2222222222222222 0.8625 0.1527777777777778 0.8 0.125 0.7859375 0.1111111111111111 0.7671875 0.09722222222222222 0.7578125 0.075 0.7609375 0.06666666666666667 0.746875 0.04722222222222222 0.7453125 0.05555555555555555 0.7578125 0.03888888888888889 0.76875 0.03333333333333333 0.809375 0.016666666666666666 0.809375 0.011111111111111112 0.815625 0.011111111111111112 0.8203125 0.041666666666666664 0.83125 0.041666666666666664 0.8390625 0.022222222222222223 0.853125
1 0.022222222222222223 0.7078125 0.008333333333333333 0.709375 0.022222222222222223 0.7140625
1 0.09166666666666666 0.5921875 0.09166666666666666 0.6125 0.10833333333333334 0.6328125 0.13333333333333333 0.6484375 0.3111111111111111 0.8171875 0.5111111111111111 0.9828125 0.5166666666666667 0.99375 0.5527777777777778 0.9984375 0.5944444444444444 0.99375 0.6194444444444445 0.984375 0.6333333333333333 0.9703125 0.6444444444444445 0.975 0.6916666666666667 0.9734375 0.6944444444444444 0.9453125 0.7083333333333334 0.9359375 0.7416666666666667 0.928125 0.7944444444444444 0.928125 0.8638888888888889 0.884375 0.8888888888888888 0.8796875 0.8916666666666667 0.8109375 0.8416666666666667 0.7609375 0.8027777777777778 0.7375 0.7777777777777778 0.709375 0.7722222222222223 0.6921875 0.6555555555555556 0.625 0.6361111111111111 0.6078125 0.6166666666666667 0.6046875 0.5694444444444444 0.58125 0.5527777777777778 0.578125 0.5194444444444445 0.5921875 0.48333333333333334 0.59375 0.45555555555555555 0.590625 0.4444444444444444 0.584375 0.37222222222222223 0.5796875 0.36666666666666664 0.584375 0.34444444444444444 0.5859375 0.33611111111111114 0.59375 0.3111111111111111 0.59375 0.3055555555555556 0.590625 0.3138888888888889 0.575 0.30277777777777776 0.575 0.3055555555555556 0.5859375 0.2916666666666667 0.584375 0.28055555555555556 0.5703125 0.24166666666666667 0.5703125 0.18888888888888888 0.578125 0.15833333333333333 0.5890625 0.15 0.578125 0.13333333333333333 0.5796875 0.1 0.5953125
1 0.3416666666666667 0.478125 0.3416666666666667 0.4875 0.6083333333333333 0.5046875 0.6388888888888888 0.4515625 0.6222222222222222 0.45 0.5916666666666667 0.459375 0.5555555555555556 0.4609375 0.4777777777777778 0.43125 0.4222222222222222 0.425 0.4 0.43125 0.37222222222222223 0.4609375
1 0.005555555555555556 0.978125 0 0.9984375 0.09 0.9984375 0.09444444444444444 0.9921875 0.105 0.9984375 0.1111111111111111 0.9921875 0.12000000000000001 0.9984375 0.15 0.9984375 0.13055555555555556 0.990625 0.08333333333333333 0.990625
1 0.7861111111111111 0.6921875 0.7833333333333333 0.709375 0.8083333333333333 0.7359375 0.8444444444444444 0.7578125 0.8805555555555555 0.796875 0.9027777777777778 0.80625 0.9222222222222223 0.7328125 0.9194444444444444 0.66875 0.875 0.6625