1 0.011111111111111112 0.69375 0 0.7 0 0.925 0.011111111111111112 0.9859375 0.03333333333333333 0.9890625 0.04722222222222222 0.9984375 0.11666666666666667 0.9984375 0.1361111111111111 0.99375 0.18611111111111112 0.9984375 0.2388888888888889 0.9984375 0.24722222222222223 0.99375 0.2916666666666667 0.99375 0.3 0.9984375 0.3333333333333333 0.9953125 0.3388888888888889 0.9859375 0.2833333333333333 0.928125 0.25833333333333336 0.9140625 0.1638888888888889 0.8171875 0.06111111111111111 0.7359375 0.05555555555555555 0.7234375
1 0.14444444444444443 0.6609375 0.14722222222222223 0.675 0.3138888888888889 0.83125 0.3472222222222222 0.853125 0.5027777777777778 0.99375 0.5861111111111111 0.996875 0.5916666666666667 0.9828125 0.625 0.98125 0.6333333333333333 0.9671875 0.65 0.9609375 0.6666666666666666 0.9765625 0.6555555555555556 0.9953125 0.6888888888888889 0.9984375 0.6888888888888889 0.9609375 0.7083333333333334 0.946875 0.75 0.9421875 0.7694444444444445 0.9484375 0.7861111111111111 0.9453125 0.8111111111111111 0.9359375 0.825 0.9203125 0.8666666666666667 0.9109375 0.8888888888888888 0.878125 0.8916666666666667 0.828125 0.8777777777777778 0.8078125 0.7388888888888889 0.6859375 0.5888888888888889 0.6046875 0.55 0.5984375 0.5083333333333333 0.609375 0.49722222222222223 0.6171875 0.46111111111111114 0.6078125 0.3194444444444444 0.6078125 0.275 0.6140625 0.19444444444444445 0.6703125 0.1638888888888889 0.659375
1 0.005555555555555556 0.690625 0.005555555555555556 0.984375 0.04722222222222222 0.9984375 0.24166666666666667 0.9984375 0.26944444444444443 0.99375 0.325 0.9984375 0.35 0.99375 0.16666666666666666 0.81875 0.058333333333333334 0.725
1 0.2 0.6203125 0.19722222222222222 0.6265625 0.20833333333333334 0.6296875 0.2 0.6375 0.20833333333333334 0.6453125 0.20833333333333334 0.615625
1 0.275 0.6109375 0.19444444444444445 0.6625 0.18055555555555555 0.6578125 0.17777777777777778 0.646875 0.17222222222222222 0.653125 0.16666666666666666 0.65 0.13333333333333333 0.65625 0.13333333333333333 0.6640625 0.5 0.99375 0.5305555555555556 0.9984375 0.6888888888888889 0.9984375 0.7027777777777777 0.984375 0.6972222222222222 0.9703125 0.7194444444444444 0.9484375 0.7222222222222222 0.953125 0.7777777777777778 0.953125 0.8055555555555556 0.94375 0.8277777777777777 0.921875 0.8611111111111112 0.921875 0.8888888888888888 0.8828125 0.8916666666666667 0.8234375 0.8833333333333333 0.8125 0.7416666666666667 0.6875 0.6361111111111111 0.63125 0.6194444444444445 0.615625 0.5876055555555556 0.54326875 0.5333333333333333 0.596875 0.49722222222222223 0.6109375 0.425 0.6015625
1 0.20833333333333334 0.5828125 0.20277777777777778 0.5921875 0.21944444444444444 0.60625 0.23333333333333334 0.584375
1 0.14444444444444443 0.578125 0.1361111111111111 0.58125 0.1361111111111111 0.590625 0.10833333333333334 0.5953125 0.10555555555555556 0.6 0.07222222222222222 0.603125 0.06388888888888888 0.5984375 0.06944444444444445 0.6109375 0.11666666666666667 0.646875 0.125 0.646875 0.11944444444444445 0.6359375 0.13055555555555556 0.6328125 0.12222222222222222 0.628125 0.12777777777777777 0.6203125 0.13055555555555556 0.625 0.16111111111111112 0.6296875 0.15555555555555556 0.625 0.16666666666666666 0.625 0.16944444444444445 0.61875 0.16666666666666666 0.5890625 0.14166666666666666 0.5828125
1 0.325 0.4734375 0.3138888888888889 0.484375 0.3138888888888889 0.49375 0.325 0.496875 0.5916666666666667 0.5140625 0.625 0.475 0.65 0.425 0.5805555555555556 0.43125 0.5055555555555555 0.4 0.4583333333333333 0.3921875 0.43333333333333335 0.4 0.4222222222222222 0.4125
1 0.30833333333333335 0.484375 0.30833333333333335 0.496875 0.3277777777777778 0.5 0.5916666666666667 0.515625 0.6222222222222222 0.4828125 0.6583333333333333 0.41875 0.575 0.428125 0.5083333333333333 0.3984375 0.4722222222222222 0.3890625 0.45 0.3890625 0.35833333333333334 0.4453125
1 0.05 0.5671875 0.044444444444444446 0.58125 0.05555555555555555 0.6015625 0.07222222222222222 0.6140625 0.08888888888888889 0.6125 0.11388888888888889 0.6265625 0.12777777777777777 0.6578125 0.20555555555555555 0.6625 0.25 0.628125 0.2972222222222222 0.609375 0.42777777777777776 0.6078125 0.42777777777777776 0.5984375 0.3138888888888889 0.584375 0.20833333333333334 0.58125 0.17777777777777778 0.5703125
1 0.7888888888888889 0.703125 0.7833333333333333 0.7140625 0.8027777777777778 0.7390625 0.8944444444444445 0.815625 0.9166666666666666 0.740625 0.9138888888888889 0.6796875 0.8777777777777778 0.678125