1 0.16666666666666666 0.628125 0.16944444444444445 0.640625 0.18611111111111112 0.625 0.17777777777777778 0.621875
1 0.5388888888888889 0.59375 0.5388888888888889 0.61875 0.55 0.6203125 0.55 0.628125 0.5388888888888889 0.628125 0.5361111111111111 0.634375 0.5472222222222223 0.6328125 0.55 0.640625 0.5333333333333333 0.65 0.5333333333333333 0.659375 0.5472222222222223 0.6625 0.5555555555555556 0.671875 0.55 0.6640625 0.5638888888888889 0.65625 0.55 0.63125 0.5638888888888889 0.615625 0.5583333333333333 0.58125 0.5416666666666666 0.58125
1 0.23055555555555557 0.43125 0.23055555555555557 0.4421875 0.28888888888888886 0.446875 0.5388888888888889 0.4546875 0.6861111111111111 0.38125 0.7694444444444445 0.33125 0.6972222222222222 0.3078125 0.6277777777777778 0.3078125 0.5583333333333333 0.3171875 0.3861111111111111 0.353125 0.2777777777777778 0.4
1 0.002777777777777778 0.6609375 0 0.715625 0.041666666666666664 0.7015625
1 0.6416666666666667 0.7171875 0.6361111111111111 0.7234375 0.7666666666666667 0.80625 0.9 0.8125 0.925 0.821875 0.9388888888888889 0.8203125 0.9611111111111111 0.7515625 0.95 0.6765625 0.9305555555555556 0.6734375 0.875 0.6953125 0.8333333333333334 0.703125 0.8194444444444444 0.7125 0.7583333333333333 0.725 0.6888888888888889 0.715625
1 0.008333333333333333 0.71875 0 0.721875 0 0.934375 0.019444444444444445 0.9328125 0.05 0.9390625 0.08055555555555556 0.928125 0.09166666666666666 0.9421875 0.12222222222222222 0.946875 0.1388888888888889 0.9578125 0.16666666666666666 0.95625 0.25 0.9703125 0.2638888888888889 0.96875 0.26944444444444443 0.978125 0.28055555555555556 0.9765625 0.325 0.9875 0.35 0.9859375 0.35555555555555557 0.971875 0.3472222222222222 0.9625 0.31666666666666665 0.9421875 0.18888888888888888 0.8203125 0.08888888888888889 0.7375 0.04722222222222222 0.709375
1 0.15833333333333333 0.6515625 0.14722222222222223 0.6609375 0.15555555555555556 0.675 0.18333333333333332 0.6921875 0.2777777777777778 0.7828125 0.5333333333333333 0.9953125 0.6305555555555555 0.9984375 0.6416666666666667 0.9875 0.6833333333333333 0.9921875 0.7055555555555556 0.975 0.7222222222222222 0.98125 0.7472222222222222 0.978125 0.7611111111111111 0.96875 0.8 0.9703125 0.8611111111111112 0.953125 0.8722222222222222 0.91875 0.8694444444444445 0.8828125 0.8388888888888889 0.8671875 0.8277777777777777 0.8515625 0.7472222222222222 0.803125 0.725 0.7828125 0.7055555555555556 0.775 0.6861111111111111 0.75 0.6444444444444445 0.7328125 0.6222222222222222 0.715625 0.5861111111111111 0.70625 0.5305555555555556 0.6671875 0.4527777777777778 0.64375 0.41388888888888886 0.6375 0.24444444444444444 0.625
1 0.23055555555555557 0.434375 0.23055555555555557 0.4390625 0.2916666666666667 0.4453125 0.5416666666666666 0.453125 0.75 0.3453125 0.7638888888888888 0.3296875 0.6944444444444444 0.309375 0.6222222222222222 0.309375 0.5305555555555556 0.3234375 0.3888888888888889 0.3546875 0.2833333333333333 0.4
1 0.022222222222222223 0.715625 0 0.721875 0 0.934375 0.013888888888888888 0.93125 0.04722222222222222 0.9390625 0.08055555555555556 0.9265625 0.1 0.9453125 0.1111111111111111 0.94375 0.1388888888888889 0.9546875 0.2638888888888889 0.9671875 0.26944444444444443 0.975 0.3416666666666667 0.9859375 0.3527777777777778 0.9796875 0.3472222222222222 0.9625 0.3277777777777778 0.953125 0.16944444444444445 0.8046875 0.06111111111111111 0.71875 0.04722222222222222 0.7109375
1 0.1527777777777778 0.6578125 0.15555555555555556 0.675 0.18333333333333332 0.690625 0.2222222222222222 0.734375 0.5361111111111111 0.9953125 0.575 0.9984375 0.5833333333333334 0.99375 0.5916666666666667 0.9984375 0.625 0.9984375 0.6416666666666667 0.984375 0.6805555555555556 0.9921875 0.7027777777777777 0.9734375 0.7222222222222222 0.978125 0.7472222222222222 0.9765625 0.7611111111111111 0.965625 0.8 0.96875 0.8388888888888889 0.9546875 0.8611111111111112 0.953125 0.8722222222222222 0.9171875 0.8666666666666667 0.88125 0.8361111111111111 0.865625 0.8166666666666667 0.84375 0.7111111111111111 0.7796875 0.6833333333333333 0.753125 0.6361111111111111 0.7296875 0.6222222222222222 0.715625 0.5861111111111111 0.70625 0.5277777777777778 0.6671875 0.44166666666666665 0.6421875 0.275 0.6265625 0.2361111111111111 0.6265625
1 0.22777777777777777 0.434375 0.23055555555555557 0.440625 0.2861111111111111 0.4453125 0.55 0.4515625 0.7388888888888889 0.3515625 0.7666666666666667 0.3296875 0.7055555555555556 0.309375 0.6305555555555555 0.3078125 0.5333333333333333 0.321875 0.3861111111111111 0.3546875 0.2833333333333333 0.3984375