1 0.7527777777777778 0.7625 0.7555555555555555 0.775 0.8277777777777777 0.81875 0.9027777777777778 0.8765625 0.9305555555555556 0.8515625 0.925 0.84375 0.9361111111111111 0.7796875 0.9277777777777778 0.7109375 0.8444444444444444 0.74375 0.8083333333333333 0.746875 0.7888888888888889 0.7578125
1 0.008333333333333333 0.9234375 0 0.9375 0 0.99375 0.058333333333333334 0.9953125 0.06666666666666667 0.9765625 0.05555555555555555 0.965625 0.041666666666666664 0.965625 0.041666666666666664 0.934375 0.03611111111111111 0.9390625 0.027777777777777776 0.9359375 0.03333333333333333 0.9171875
1 0.11944444444444445 0.9 0.11666666666666667 0.90625 0.125 0.909375
1 0.05555555555555555 0.8984375 0.05 0.9046875 0.058333333333333334 0.903125
1 0.005555555555555556 0.7703125 0 0.85 0.05 0.859375 0.07222222222222222 0.871875 0.07777777777777778 0.8869796875 0.09166666666666666 0.89375 0.08888888888888889 0.8984375 0.07777777777777778 0.8958328124999999 0.07777777777777778 0.9046875 0.12222222222222222 0.8875 0.13333333333333333 0.8984375 0.1361111111111111 0.925 0.11388888888888889 0.9421875 0.1 0.9421875 0.1 0.953125 0.11388888888888889 0.959375 0.08611111111111111 0.9703125 0.07777777777777778 0.9796875 0.08888888888888889 0.984375 0.08611111111111111 0.99375 0.1388888888888889 0.99375 0.14444444444444443 0.9984375 0.26666666666666666 0.9984375 0.2833333333333333 0.99375 0.31666666666666665 0.9984375 0.3194444444444444 0.990625 0.3055555555555556 0.9703125 0.19722222222222222 0.871875 0.1527777777777778 0.815625 0.06666666666666667 0.7328125 0.05277777777777778 0.7234375 0.03888888888888889 0.728125 0.03611111111111111 0.71875 0.03611111111111111 0.7375 0.022222222222222223 0.740625 0.011111111111111112 0.759375 0.013888888888888888 0.771875
1 0.002777777777777778 0.6875 0 0.721875 0.011111111111111112 0.7125 0.022222222222222223 0.7171875 0.025 0.6953125
1 0.19444444444444445 0.7109375 0.19166666666666668 0.7171875 0.28055555555555556 0.8140625 0.46944444444444444 0.996875 0.85 0.9984375 0.8638888888888889 0.99375 0.8805555555555555 0.946875 0.8777777777777778 0.915625 0.8888888888888888 0.8875 0.8611111111111112 0.8515625 0.725 0.7578125 0.675 0.7375 0.6638888888888889 0.7265625 0.6 0.7 0.5638888888888889 0.678125 0.5222222222222223 0.6703125 0.5083333333333333 0.6609375 0.5083333333333333 0.6484375 0.49444444444444446 0.6515625 0.49444444444444446 0.6578125 0.48055555555555557 0.6546875 0.475 0.665625 0.45 0.6796875 0.4027777777777778 0.753125 0.3388888888888889 0.74375 0.31666666666666665 0.725 0.2611111111111111 0.7234375 0.24444444444444444 0.7140625
1 0.5277777777777778 0.65 0.5138888888888888 0.6421875 0.5194444444444445 0.6609375 0.5277777777777778 0.659375
1 0.013888888888888888 0.8875 0.005555555555555556 0.8859375 0.005555555555555556 0.8984375
1 0.005555555555555556 0.684375 0 0.8515625 0.041666666666666664 0.890625 0.03333333333333333 0.8890625 0.03611111111111111 0.89375 0.025 0.8953125 0.03333333333333333 0.9 0.03333333333333333 0.9109375 0.022222222222222223 0.9125 0.013888888888888888 0.9078125 0 0.915625 0.002777777777777778 0.9984375 0.06666666666666667 0.996875 0.07222222222222222 0.9890625 0.08611111111111111 0.9953125 0.14444444444444443 0.9984375 0.26944444444444443 0.9984375 0.275 0.99375 0.30833333333333335 0.9984375 0.31666666666666665 0.9953125 0.31666666666666665 0.9859375 0.3 0.9640625 0.225 0.896875 0.15555555555555556 0.8171875 0.030555555555555555 0.6953125 0.011111111111111112 0.6828125
1 0.19166666666666668 0.709375 0.19166666666666668 0.71875 0.28055555555555556 0.8140625 0.46111111111111114 0.99375 0.48333333333333334 0.9984375 0.8527777777777777 0.9984375 0.8638888888888889 0.99375 0.8888888888888888 0.8921875 0.8666666666666667 0.85625 0.7222222222222222 0.75625 0.6833333333333333 0.7421875 0.6638888888888889 0.7265625 0.6027777777777777 0.7015625 0.5694444444444444 0.6796875 0.5444444444444444 0.6734375 0.5166666666666667 0.6296875 0.5083333333333333 0.6296875 0.5 0.640625 0.48055555555555557 0.6390625 0.4722222222222222 0.6453125 0.4638888888888889 0.66875 0.44722222222222224 0.6796875 0.3972222222222222 0.753125 0.3388888888888889 0.74375 0.3194444444444444 0.725
1 0.1527777777777778 0.5015625 0.14722222222222223 0.5078125 0.18611111111111112 0.515625 0.5166666666666667 0.54375 0.6166666666666667 0.434375 0.6666666666666666 0.396875 0.7194444444444444 0.328125 0.7472222222222222 0.3046875 0.7555555555555555 0.2828125 0.65 0.265625 0.5277777777777778 0.26875 0.5055555555555555 0.2859375 0.35555555555555557 0.365625 0.3472222222222222 0.378125 0.30277777777777776 0.3984375 0.275 0.4234375 0.2 0.4640625 0.16944444444444445 0.49375
1 0.2 0.4625 0.14722222222222223 0.5046875 0.1527777777777778 0.5109375 0.41944444444444445 0.534375 0.4722222222222222 0.54375 0.5194444444444445 0.54375 0.6194444444444445 0.4328125 0.6666666666666666 0.3984375 0.725 0.3234375 0.7555555555555555 0.296875 0.7583333333333333 0.2796875 0.6916666666666667 0.2734375 0.6555555555555556 0.2640625 0.55 0.26875 0.5277777777777778 0.265625 0.30277777777777776 0.396875 0.25833333333333336 0.4328125