1 0.008333333333333333 0.6359375 0 0.6359375 0 0.965625 0.041666666666666664 0.9703125 0.07222222222222222 0.9796875 0.10555555555555556 0.9734375 0.125 0.9859375 0.16666666666666666 0.9890625 0.17777777777777778 0.9984375 0.3472222222222222 0.9984375 0.3472222222222222 0.9921875 0.33611111111111114 0.990625 0.3388888888888889 0.9671875 0.31666666666666665 0.9375 0.008333333333333333 0.6359375
1 0.7305555555555555 0.7109375 0.7277777777777777 0.715625 0.7416666666666667 0.7265625 0.8444444444444444 0.7890625 0.8666666666666667 0.809375 0.8888888888888888 0.815625 0.9027777777777778 0.7984375 0.9138888888888889 0.7453125 0.9055555555555556 0.6640625 0.7666666666666667 0.7078125 0.7305555555555555 0.7109375
1 0.6916666666666667 0.9609375 0.6888888888888889 0.9765625 0.6916666666666667 0.9609375
1 0.2916666666666667 0.7296875 0.2777777777777778 0.7578125 0.2916666666666667 0.7640625 0.3138888888888889 0.803125 0.3888888888888889 0.8640625 0.41388888888888886 0.896875 0.49444444444444446 0.96875 0.5277777777777778 0.971875 0.5527777777777778 0.959375 0.575 0.96875 0.5888888888888889 0.96875 0.6222222222222222 0.9546875 0.6638888888888889 0.959375 0.6805555555555556 0.946875 0.6888888888888889 0.95 0.6916666666666667 0.9421875 0.7444444444444445 0.9578125 0.7555555555555555 0.946875 0.7777777777777778 0.946875 0.7916666666666666 0.9390625 0.7916666666666666 0.928125 0.8611111111111112 0.89375 0.8722222222222222 0.8625 0.8722222222222222 0.83125 0.8638888888888889 0.8171875 0.7861111111111111 0.7578125 0.6777777777777778 0.6921875 0.6361111111111111 0.6734375 0.5027777777777778 0.5859375 0.48055555555555557 0.584375 0.46111111111111114 0.5953125 0.3972222222222222 0.6671875 0.37222222222222223 0.7078125 0.3472222222222222 0.7171875 0.3277777777777778 0.7015625 0.3138888888888889 0.7015625 0.2916666666666667 0.7296875
1 0.005555555555555556 0.65 0 0.7796875 0.013888888888888888 0.834375 0 0.8546875 0 0.9390625 0.008333333333333333 0.9484375 0 0.95 0 0.959375 0.058333333333333334 0.9734375 0.10555555555555556 0.9703125 0.1388888888888889 0.9875 0.16944444444444445 0.9875 0.18055555555555555 0.9984375 0.33611111111111114 0.9953125 0.3388888888888889 0.965625 0.30833333333333335 0.9328125 0.25555555555555554 0.8875 0.125 0.75 0.07777777777777778 0.70625 0.06388888888888888 0.7015625 0.027777777777777776 0.6578125 0.005555555555555556 0.65
1 0.2 0.671875 0.19722222222222222 0.68125 0.2222222222222222 0.7125 0.5138888888888888 0.9953125 0.5666666666666667 0.9984375 0.6138888888888889 0.99375 0.6361111111111111 0.9984375 0.6416666666666667 0.9875 0.6333333333333333 0.978125 0.6444444444444445 0.98125 0.65 0.9734375 0.6777777777777778 0.9734375 0.6972222222222222 0.9828125 0.7166666666666667 0.9828125 0.7333333333333333 0.9609375 0.7444444444444445 0.965625 0.7694444444444445 0.953125 0.7861111111111111 0.9515625 0.8 0.9265625 0.8166666666666667 0.91875 0.8333333333333334 0.9234375 0.8416666666666667 0.90625 0.8722222222222222 0.88125 0.8694444444444445 0.8203125 0.8111111111111111 0.7734375 0.5944444444444444 0.6484375 0.5 0.584375 0.48055555555555557 0.58125 0.4527777777777778 0.6015625 0.3638888888888889 0.709375 0.3333333333333333 0.7 0.3055555555555556 0.6984375 0.28055555555555556 0.678125 0.25 0.6765625 0.23333333333333334 0.68125 0.2 0.671875
1 0.10833333333333334 0.465625 0.10555555555555556 0.4703125 0.1527777777777778 0.4796875 0.20833333333333334 0.48125 0.2361111111111111 0.4875 0.4361111111111111 0.50625 0.49444444444444446 0.5078125 0.5194444444444445 0.490625 0.6472222222222223 0.346875 0.6555555555555556 0.3296875 0.675 0.3203125 0.6944444444444444 0.2890625 0.7166666666666667 0.275 0.7361111111111112 0.2375 0.7055555555555556 0.2421875 0.6722222222222223 0.2390625 0.6611111111111111 0.234375 0.6666666666666666 0.2265625 0.6583333333333333 0.2296875 0.6472222222222223 0.2171875 0.6277777777777778 0.2125 0.5666666666666667 0.2140625 0.5361111111111111 0.2203125 0.48055555555555557 0.2453125 0.4444444444444444 0.26875 0.37222222222222223 0.2953125 0.3055555555555556 0.3421875 0.2111111111111111 0.39375 0.10833333333333334 0.465625
1 0.5972222222222222 0.9921875 0 0
1 0.005555555555555556 0.7203125 0.005555555555555556 0.73125 0.005555555555555556 0.7203125
1 0.002777777777777778 0.675 0.011111111111111112 0.7109375 0.005555555555555556 0.7125 0.019444444444444445 0.7171875 0.022222222222222223 0.7359375 0 0.74375 0 0.771875 0.008333333333333333 0.825 0.019444444444444445 0.8265625 0.025 0.834375 0.013888888888888888 0.8359375 0.002777777777777778 0.8515625 0 0.959375 0.008333333333333333 0.9609375 0.013888888888888888 0.95625 0.019444444444444445 0.965625 0.06666666666666667 0.975 0.10555555555555556 0.9703125 0.12777777777777777 0.984375 0.16666666666666666 0.9859375 0.18055555555555555 0.9984375 0.3111111111111111 0.9984375 0.3472222222222222 0.99375 0.3388888888888889 0.965625 0.30833333333333335 0.93125 0.2388888888888889 0.8703125 0.20555555555555555 0.828125 0.058333333333333334 0.6921875 0.03888888888888889 0.6671875 0.025 0.6578125 0.013888888888888888 0.6578125 0.016666666666666666 0.6640625 0.002777777777777778 0.675
1 0.005555555555555556 0.65 0.008333333333333333 0.6625 0.005555555555555556 0.65
1 0.2 0.671875 0.20833333333333334 0.696875 0.3194444444444444 0.8109375 0.3861111111111111 0.8671875 0.4777777777777778 0.9609375 0.5194444444444445 0.9875 0.5138888888888888 0.99375 0.5666666666666667 0.9984375 0.6027777777777777 0.9859375 0.6027777777777777 0.9765625 0.6222222222222222 0.9734375 0.6222222222222222 0.965625 0.6416666666666667 0.9625 0.6555555555555556 0.9625 0.6638888888888889 0.9734375 0.6777777777777778 0.971875 0.6861111111111111 0.9796875 0.7083333333333334 0.9828125 0.7361111111111112 0.9609375 0.7444444444444445 0.965625 0.7638888888888888 0.9546875 0.7833333333333333 0.953125 0.8138888888888889 0.9171875 0.8472222222222222 0.90625 0.8611111111111112 0.8953125 0.8722222222222222 0.8765625 0.8722222222222222 0.825 0.8444444444444444 0.8 0.7638888888888888 0.74375 0.6305555555555555 0.6703125 0.5027777777777778 0.5875 0.48333333333333334 0.584375 0.4527777777777778 0.603125 0.36666666666666664 0.709375 0.3055555555555556 0.6984375 0.2777777777777778 0.678125 0.25277777777777777 0.6765625 0.23055555555555557 0.68125 0.2 0.671875
1 0.2111111111111111 0.3921875 0.15555555555555556 0.4359375 0.10555555555555556 0.465625 0.1111111111111111 0.4734375 0.4888888888888889 0.5109375 0.5222222222222223 0.4875 0.6194444444444445 0.3734375 0.6888888888888889 0.3046875 0.6944444444444444 0.290625 0.7194444444444444 0.2765625 0.7388888888888889 0.2421875 0.7361111111111112 0.2328125 0.7 0.2390625 0.6722222222222223 0.2359375 0.6666666666666666 0.2265625 0.6555555555555556 0.2265625 0.6527777777777778 0.215625 0.6305555555555555 0.2109375 0.5638888888888889 0.2125 0.5361111111111111 0.21875 0.48333333333333334 0.2421875 0.44722222222222224 0.265625 0.37777777777777777 0.2890625 0.3055555555555556 0.340625 0.2111111111111111 0.3921875
1 0.002777777777777778 0.96875 0 0.9984375 0.12916666666666668 0.9984375 0.13055555555555556 0.990625 0.14351944444444445 0.9984375 0.17222222222222222 0.9984375 0.15833333333333333 0.990625 0.1388888888888889 0.9921875 0.1 0.9796875 0.06666666666666667 0.98125 0.002777777777777778 0.96875