1 0.65 0.3578125 0 0
1 0.49722222222222223 0.30625 0.475 0.315625 0.4777777777777778 0.3203125 0.46111111111111114 0.3234375 0.5111111111111111 0.31875 0.6555555555555556 0.3234375 0.6666666666666666 0.31875 0.6972222222222222 0.3265625 0.7111111111111111 0.3375 0.7361111111111112 0.340625 0.7416666666666667 0.33125 0.7777777777777778 0.3171875 0.7944444444444444 0.2953125 0.7111111111111111 0.2734375 0.6305555555555555 0.275 0.49722222222222223 0.30625
1 0.25555555555555554 0.4234375 0.2388888888888889 0.4421875 0.24444444444444444 0.4546875 0.4861111111111111 0.4640625 0.5416666666666666 0.4703125 0.5972222222222222 0.4390625 0.675 0.378125 0.6638888888888889 0.36875 0.6305555555555555 0.3609375 0.5083333333333333 0.365625 0.45555555555555555 0.359375 0.30833333333333335 0.4 0.25555555555555554 0.4234375
1 0.9 0.9859375 0.8916666666666667 0.99375 0.9138888888888889 0.99375 0.9 0.9859375
1 0.725 0.7109375 0.7138888888888889 0.7171875 0.7166666666666667 0.721875 0.7694444444444445 0.753125 0.8416666666666667 0.784375 0.8638888888888889 0.8109375 0.8833333333333333 0.8203125 0.9 0.8203125 0.9027777777777778 0.828125 0.9333333333333333 0.83125 0.9194444444444444 0.99375 0.9416666666666667 0.9953125 0.9527777777777777 0.9796875 0.9583333333333334 0.9125 0.9694444444444444 0.90625 0.9638888888888889 0.8796875 0.9722222222222222 0.853125 0.9722222222222222 0.7375 0.9611111111111111 0.6703125 0.8222222222222222 0.7171875 0.7805555555555556 0.7203125 0.7416666666666667 0.7078125 0.725 0.7109375
1 0.7222222222222222 0.7125 0.7222222222222222 0.7234375 0.7361111111111112 0.721875 0.7416666666666667 0.709375 0.7222222222222222 0.7125
1 0.7555555555555555 0.7203125 0.7333333333333333 0.7296875 0.7722222222222223 0.7546875 0.8444444444444444 0.7859375 0.875 0.8171875 0.9 0.815625 0.9277777777777778 0.825 0.9444444444444444 0.8203125 0.9555555555555556 0.8046875 0.9666666666666667 0.74375 0.9611111111111111 0.684375 0.9138888888888889 0.6859375 0.8194444444444444 0.7171875 0.7666666666666667 0.7234375 0.7555555555555555 0.7203125
1 0.5305555555555556 0.6234375 0.5305555555555556 0.653125 0.5416666666666666 0.659375 0.5527777777777778 0.646875 0.5694444444444444 0.640625 0.5722222222222222 0.5921875 0.5611111111111111 0.553125 0.5527777777777778 0.55 0.5305555555555556 0.6234375
1 0.4166666666666667 0.5296875 0.41388888888888886 0.5328125 0.4166666666666667 0.5296875
1 0.23333333333333334 0.4421875 0.23055555555555557 0.4515625 0.25277777777777777 0.45625 0.5444444444444444 0.4703125 0.5638888888888889 0.4625 0.7027777777777777 0.3640625 0.7888888888888889 0.3109375 0.7972222222222223 0.2984375 0.7166666666666667 0.275 0.6388888888888888 0.275 0.5361111111111111 0.2953125 0.3861111111111111 0.3453125 0.38055555555555554 0.353125 0.3888888888888889 0.3546875 0.39166666666666666 0.371875 0.2638888888888889 0.4171875 0.23333333333333334 0.4421875
1 0.013888888888888888 0.6671875 0 0.675 0 0.928125 0.016666666666666666 0.925 0.05 0.93125 0.07777777777777778 0.921875 0.08611111111111111 0.934375 0.10555555555555556 0.94375 0.11666666666666667 0.940625 0.2222222222222222 0.9609375 0.24722222222222223 0.971875 0.2777777777777778 0.971875 0.32222222222222224 0.984375 0.3472222222222222 0.984375 0.3611111111111111 0.9734375 0.3527777777777778 0.959375 0.30833333333333335 0.925 0.125 0.7515625 0.030555555555555555 0.671875 0.013888888888888888 0.6671875
1 0.15833333333333333 0.640625 0.15 0.653125 0.5388888888888889 0.9953125 0.5861111111111111 0.99375 0.5916666666666667 0.9984375 0.6166666666666667 0.9984375 0.6388888888888888 0.984375 0.6805555555555556 0.9921875 0.6944444444444444 0.96875 0.7222222222222222 0.9734375 0.7333333333333333 0.9671875 0.7611111111111111 0.9671875 0.7777777777777778 0.971875 0.8111111111111111 0.9671875 0.8305555555555556 0.9546875 0.8694444444444445 0.9546875 0.8833333333333333 0.9078125 0.8805555555555555 0.8875 0.85 0.8703125 0.8583333333333333 0.8203125 0.8527777777777777 0.8 0.8305555555555556 0.78125 0.75 0.746875 0.7027777777777777 0.71875 0.6666666666666666 0.7109375 0.5694444444444444 0.6671875 0.5527777777777778 0.671875 0.5305555555555556 0.66875 0.5111111111111111 0.6765625 0.46111111111111114 0.6625 0.37222222222222223 0.6515625 0.33611111111111114 0.653125 0.30833333333333335 0.64375 0.2111111111111111 0.6359375 0.15833333333333333 0.640625
1 0.24722222222222223 0.4296875 0.23055555555555557 0.4484375 0.24166666666666667 0.453125 0.5444444444444444 0.4671875 0.6388888888888888 0.4078125 0.6472222222222223 0.3953125 0.6611111111111111 0.3921875 0.7777777777777778 0.3171875 0.7944444444444444 0.2984375 0.7111111111111111 0.2765625 0.6277777777777778 0.278125 0.5416666666666666 0.2953125 0.5055555555555555 0.30625 0.49722222222222223 0.3140625 0.4305555555555556 0.33125 0.4361111111111111 0.3453125 0.41944444444444445 0.365625 0.3972222222222222 0.3703125 0.375 0.384375 0.36666666666666664 0.3828125 0.30833333333333335 0.4 0.24722222222222223 0.4296875
1 0.005555555555555556 0.671875 0 0.928125 0.013888888888888888 0.9234375 0.05 0.9296875 0.07777777777777778 0.9203125 0.08888888888888889 0.9359375 0.10555555555555556 0.9421875 0.12777777777777777 0.9421875 0.2222222222222222 0.959375 0.24722222222222223 0.971875 0.275 0.9671875 0.2916666666666667 0.978125 0.325 0.984375 0.3472222222222222 0.9828125 0.35555555555555557 0.9765625 0.3527777777777778 0.9609375 0.16666666666666666 0.7890625 0.03611111111111111 0.6765625 0.016666666666666666 0.6671875 0.005555555555555556 0.671875
1 0.15833333333333333 0.6453125 0.15555555555555556 0.65625 0.23333333333333334 0.7296875 0.5388888888888889 0.9953125 0.5888888888888889 0.9921875 0.5944444444444444 0.9984375 0.6055555555555555 0.9984375 0.6277777777777778 0.99375 0.625 0.9890625 0.6388888888888888 0.9828125 0.65 0.9890625 0.6777777777777778 0.9921875 0.675 0.984375 0.6916666666666667 0.96875 0.7222222222222222 0.971875 0.7472222222222222 0.9625 0.7777777777777778 0.9703125 0.8111111111111111 0.9671875 0.8222222222222222 0.95625 0.8694444444444445 0.953125 0.8805555555555555 0.8890625 0.8472222222222222 0.86875 0.8555555555555555 0.8140625 0.8444444444444444 0.7953125 0.8333333333333334 0.784375 0.7666666666666667 0.75625 0.7027777777777777 0.71875 0.6638888888888889 0.7109375 0.5666666666666667 0.6671875 0.5527777777777778 0.671875 0.5277777777777778 0.6703125 0.5111111111111111 0.6765625 0.4583333333333333 0.6625 0.4305555555555556 0.6625 0.4 0.6546875 0.36666666666666664 0.6546875 0.3611111111111111 0.6625 0.3472222222222222 0.6515625 0.3333333333333333 0.653125 0.3111111111111111 0.64375 0.25833333333333336 0.6390625 0.18055555555555555 0.6359375 0.15833333333333333 0.6453125
1 0.23333333333333334 0.4421875 0.23055555555555557 0.4515625 0.25833333333333336 0.45625 0.5444444444444444 0.46875 0.5666666666666667 0.459375 0.775 0.3203125 0.7972222222222223 0.2984375 0.7166666666666667 0.275 0.6388888888888888 0.275 0.5361111111111111 0.2953125 0.3888888888888889 0.34375 0.38055555555555554 0.353125 0.3888888888888889 0.3546875 0.39166666666666666 0.3703125 0.26944444444444443 0.4140625 0.23333333333333334 0.4421875