1 0.002777777777777778 0.6984375 0 0.99375 0.011111111111111112 0.9984375 0.325 0.996875 0.3333333333333333 0.990625 0.30277777777777776 0.959375 0.05555555555555555 0.7375
1 0.027777777777777776 0.5734375 0.022222222222222223 0.58125 0.041666666666666664 0.5890625 0.044444444444444446 0.60625 0.11944444444444445 0.6265625 0.11388888888888889 0.6515625 0.14166666666666666 0.6625 0.20277777777777778 0.6640625 0.24444444444444444 0.6328125 0.30833333333333335 0.6109375 0.3888888888888889 0.609375 0.4166666666666667 0.6171875 0.46944444444444444 0.6125 0.42777777777777776 0.5984375
1 0.20555555555555555 0.63125 0.2 0.6390625 0.20833333333333334 0.6359375
1 0.17777777777777778 0.6171875 0.18055555555555555 0.64375 0.19166666666666668 0.6296875 0.20833333333333334 0.628125 0.2111111111111111 0.6234375 0.19722222222222222 0.6171875 0.20833333333333334 0.6140625 0.20277777777777778 0.6109375 0.18055555555555555 0.6125
1 0.08611111111111111 0.60625 0.075 0.6203125 0.08611111111111111 0.625 0.08611111111111111 0.6328125 0.10833333333333334 0.63125 0.10277777777777777 0.625 0.1111111111111111 0.621875 0.12222222222222222 0.628125 0.125 0.621875 0.11388888888888889 0.61875 0.1111111111111111 0.609375 0.1 0.6125 0.09444444444444444 0.6046875
1 0.275 0.6109375 0.2222222222222222 0.65 0.2111111111111111 0.6515625 0.20555555555555555 0.6625 0.19444444444444445 0.65625 0.1638888888888889 0.653125 0.16666666666666666 0.6625 0.14722222222222223 0.6625 0.1388888888888889 0.66875 0.12222222222222222 0.6609375 0.125 0.6703125 0.48333333333333334 0.9921875 0.49444444444444446 0.9984375 0.6888888888888889 0.9984375 0.6972222222222222 0.99375 0.7361111111111112 0.9984375 0.7361111111111112 0.9890625 0.7472222222222222 0.990625 0.7472222222222222 0.95625 0.7638888888888888 0.9625 0.775 0.9546875 0.8055555555555556 0.95 0.8138888888888889 0.934375 0.8333333333333334 0.9328125 0.8555555555555555 0.9078125 0.875 0.909375 0.8888888888888888 0.89375 0.8861111111111111 0.8234375 0.8694444444444445 0.8 0.7833333333333333 0.7375 0.7694444444444445 0.7125 0.725 0.6828125 0.6333333333333333 0.6359375 0.625 0.625 0.5972222222222222 0.6171875 0.5638888888888889 0.5953125 0.5361111111111111 0.5953125 0.4861111111111111 0.6140625 0.40555555555555556 0.6171875 0.38055555555555554 0.6125
1 0.375 0.453125 0.3111111111111111 0.5015625 0.35833333333333334 0.50625 0.43333333333333335 0.5015625 0.45 0.5125 0.5527777777777778 0.51875 0.6 0.51875 0.6305555555555555 0.45625 0.575 0.4578125 0.5555555555555556 0.465625 0.5138888888888888 0.45 0.5 0.4375 0.45 0.425 0.42777777777777776 0.4265625
1 0.3388888888888889 0.4828125 0.325 0.4984375 0.33055555555555555 0.5015625 0.5833333333333334 0.5171875 0.5972222222222222 0.515625 0.6027777777777777 0.509375 0.6222222222222222 0.465625 0.6166666666666667 0.4578125 0.55 0.4625 0.475 0.43125 0.4305555555555556 0.4265625 0.3861111111111111 0.4484375
1 0.005555555555555556 0.7 0 0.98125 0.011111111111111112 0.996875 0.3277777777777778 0.9953125 0.325 0.9828125 0.275 0.934375 0.24444444444444444 0.915625 0.1638888888888889 0.834375
1 0.14444444444444443 0.675 0.14444444444444443 0.6859375 0.1638888888888889 0.70625 0.48333333333333334 0.9921875 0.49722222222222223 0.9984375 0.6805555555555556 0.9984375 0.6916666666666667 0.99375 0.6833333333333333 0.965625 0.7027777777777777 0.9515625 0.7361111111111112 0.95625 0.7472222222222222 0.95 0.8027777777777778 0.946875 0.8111111111111111 0.934375 0.85 0.9078125 0.875 0.9046875 0.8833333333333333 0.8984375 0.8861111111111111 0.828125 0.8666666666666667 0.8 0.7888888888888889 0.74375 0.75 0.6984375 0.6222222222222222 0.6265625 0.5777777777777777 0.609375 0.5222222222222223 0.603125 0.4888888888888889 0.615625 0.2777777777777778 0.6171875 0.20555555555555555 0.6671875
1 0.7861111111111111 0.703125 0.7777777777777778 0.709375 0.7833333333333333 0.73125 0.8944444444444445 0.815625 0.9083333333333333 0.79375 0.9 0.778125 0.9166666666666666 0.75625 0.9027777777777778 0.6640625 0.8222222222222222 0.696875
1 0.5444444444444444 0.575 0.5416666666666666 0.5859375 0.6083333333333333 0.60625 0.6111111111111112 0.5734375 0.5972222222222222 0.546875 0.5861111111111111 0.546875
1 0.31666666666666665 0.490625 0.3138888888888889 0.503125 0.5972222222222222 0.51875 0.6305555555555555 0.459375 0.6222222222222222 0.4546875 0.5888888888888889 0.453125 0.5777777777777777 0.4578125 0.5472222222222223 0.4578125 0.48333333333333334 0.43125 0.425 0.4234375