1 0.7277777777777777 0.9890625 0.725 0.99375 0.7333333333333333 0.9953125 0.7388888888888889 0.9859375
1 0.008333333333333333 0.69375 0 0.696875 0 0.9890625 0.030555555555555555 0.9984375 0.3388888888888889 0.996875 0.34444444444444444 0.9921875 0.3333333333333333 0.98125 0.11388888888888889 0.78125
1 0.022222222222222223 0.56875 0.013888888888888888 0.5703125 0.016666666666666666 0.578125 0.125 0.6609375 0.20277777777777778 0.6625 0.2611111111111111 0.61875 0.2972222222222222 0.609375 0.44166666666666665 0.609375 0.44166666666666665 0.6015625 0.425 0.596875 0.3 0.584375 0.18611111111111112 0.58125 0.175 0.575 0.06666666666666667 0.5671875
1 0.09166666666666666 0.60625 0.08888888888888889 0.6140625 0.09722222222222222 0.615625
1 0.26666666666666666 0.6140625 0.20277777777777778 0.6640625 0.12777777777777777 0.6625 0.225 0.7578125 0.5 0.9984375 0.6861111111111111 0.9984375 0.6916666666666667 0.984375 0.7055555555555556 0.9765625 0.7111111111111111 0.9796875 0.7111111111111111 0.975 0.7305555555555555 0.975 0.7416666666666667 0.9671875 0.75 0.9703125 0.75 0.9546875 0.7722222222222223 0.9625 0.7722222222222223 0.9546875 0.8055555555555556 0.946875 0.8277777777777777 0.921875 0.8583333333333333 0.903125 0.8833333333333333 0.8953125 0.8888888888888888 0.8234375 0.8666666666666667 0.7953125 0.7861111111111111 0.7359375 0.75 0.6953125 0.6111111111111112 0.6171875 0.5638888888888889 0.596875 0.5361111111111111 0.5921875 0.5 0.6125 0.4083333333333333 0.6 0.4027777777777778 0.6109375 0.375 0.6015625 0.36944444444444446 0.6078125 0.30833333333333335 0.6078125
1 0.3416666666666667 0.478125 0.3416666666666667 0.5 0.5972222222222222 0.515625 0.6222222222222222 0.4640625 0.6361111111111111 0.4546875 0.6361111111111111 0.4390625 0.5555555555555556 0.4421875 0.4666666666666667 0.4078125 0.4166666666666667 0.425
1 0.3388888888888889 0.475 0.32222222222222224 0.49375 0.33611111111111114 0.5 0.5972222222222222 0.515625 0.6416666666666667 0.4421875 0.6305555555555555 0.4375 0.5666666666666667 0.44375 0.49444444444444446 0.4140625 0.44722222222222224 0.4078125
1 0.002777777777777778 0.696875 0 0.9875 0.03333333333333333 0.9984375 0.23333333333333334 0.9984375 0.24722222222222223 0.99375 0.3111111111111111 0.9984375 0.34444444444444444 0.99375 0.1111111111111111 0.7796875 0.05 0.734375 0.016666666666666666 0.6984375
1 0.15 0.6640625 0.1388888888888889 0.6734375 0.19444444444444445 0.728125 0.49444444444444446 0.9953125 0.6805555555555556 0.9984375 0.6888888888888889 0.99375 0.6833333333333333 0.9609375 0.7027777777777777 0.9484375 0.7361111111111112 0.953125 0.7611111111111111 0.9453125 0.8027777777777778 0.94375 0.8527777777777777 0.903125 0.8833333333333333 0.8921875 0.8888888888888888 0.828125 0.8694444444444445 0.7984375 0.7888888888888889 0.7390625 0.75 0.6953125 0.5666666666666667 0.6 0.5361111111111111 0.59375 0.5 0.615625 0.46944444444444444 0.609375 0.4 0.6140625 0.38055555555555554 0.6078125 0.3138888888888889 0.6078125 0.2833333333333333 0.6125 0.26666666666666666 0.6171875 0.20555555555555555 0.6640625 0.18333333333333332 0.66875
1 0.7833333333333333 0.7078125 0.7916666666666666 0.7328125 0.8944444444444445 0.8125 0.9027777777777778 0.7609375 0.9166666666666666 0.75 0.9111111111111111 0.6796875 0.9 0.6703125 0.8805555555555555 0.671875
1 0.5472222222222223 0.575 0.5444444444444444 0.584375 0.6055555555555555 0.6125 0.6222222222222222 0.6078125 0.5972222222222222 0.5375
1 0.3111111111111111 0.490625 0.3138888888888889 0.5 0.5972222222222222 0.5171875 0.6055555555555555 0.5140625 0.6194444444444445 0.48125 0.6388888888888888 0.459375 0.6444444444444445 0.4375 0.6361111111111111 0.434375 0.5694444444444444 0.4421875 0.5 0.4140625 0.44722222222222224 0.4046875