1 0.8833333333333333 0.9703125 0.875 0.96875 0.8805555555555555 0.9765625
1 0.9111111111111111 0.9546875 0.9083333333333333 0.9734375 0.8944444444444445 0.9796875 0.8972222222222223 0.990625 0.8777777777777778 0.99375 0.8861111111111111 0.9984375 0.9222222222222223 0.99375 0.925 0.9453125
1 0.7583333333333333 0.775 0.7527777777777778 0.7859375 0.9055555555555556 0.8875 0.9305555555555556 0.9390625 0.9277777777777778 0.928125 0.9527777777777777 0.890625 0.9555555555555556 0.80625 0.9416666666666667 0.7234375 0.8611111111111112 0.75625 0.8305555555555556 0.759375 0.8027777777777778 0.771875
1 0.7583333333333333 0.7765625 0.7555555555555555 0.7875 0.875 0.86875 0.9138888888888889 0.890625 0.925 0.8890625 0.9472222222222222 0.8515625 0.9527777777777777 0.8234375 0.9444444444444444 0.7359375 0.9277777777777778 0.73125 0.8555555555555555 0.7578125 0.825 0.7609375 0.8027777777777778 0.771875
1 0.008333333333333333 0.9859375 0.005555555555555556 0.9921875 0 0.9890625 0.002777777777777778 0.9984375 0.016666666666666666 0.99375
1 0.002777777777777778 0.7203125 0 0.946875 0.005555555555555556 0.96328125 0.019444444444444445 0.9671875 0.002777777777777778 0.9734375 0.016666666666666666 0.9734375 0.027777777777777776 0.9671875 0.03611111111111111 0.975 0.03888888888888889 0.96875 0.05555555555555555 0.9640625 0.09444444444444444 0.9953125 0.10833333333333334 0.996875 0.2916666666666667 0.9953125 0.12777777777777777 0.821875 0.025 0.7265625 0.016666666666666666 0.7203125
1 0.18055555555555555 0.7171875 0.16666666666666666 0.725 0.18055555555555555 0.7453125 0.44722222222222224 0.9984375 0.6 0.9984375 0.6111111111111112 0.99375 0.6194444444444445 0.9984375 0.8444444444444444 0.9984375 0.8555555555555555 0.984375 0.8583333333333333 0.953125 0.9055555555555556 0.946875 0.9 0.89375 0.7972222222222223 0.8171875 0.7083333333333334 0.76875 0.6805555555555556 0.7609375 0.5166666666666667 0.6703125 0.5 0.671875 0.49166666666666664 0.6828125 0.48055555555555557 0.7390625 0.45555555555555555 0.7515625 0.4361111111111111 0.7734375 0.41944444444444445 0.7671875 0.39444444444444443 0.74375 0.24722222222222223 0.7203125
1 0.3111111111111111 0.4140625 0.275 0.4578125 0.18888888888888888 0.51875 0.3416666666666667 0.5328125 0.4638888888888889 0.5375 0.5166666666666667 0.5453125 0.55 0.525 0.5555555555555556 0.5125 0.5805555555555556 0.4953125 0.6305555555555555 0.4421875 0.65 0.43125 0.6805555555555556 0.396875 0.6555555555555556 0.3859375 0.6222222222222222 0.378125 0.5944444444444444 0.378125 0.575 0.3703125 0.5111111111111111 0.3734375 0.5 0.378125 0.46111111111111114 0.3734375 0.36944444444444446 0.396875 0.34444444444444444 0.4140625 0.3194444444444444 0.4078125
1 0.6166666666666667 0.3484375 0.6055555555555555 0.35 0.6222222222222222 0.3515625
1 0.42777777777777776 0.346875 0.41388888888888886 0.3671875 0.4222222222222222 0.365625 0.425 0.3546875 0.4444444444444444 0.365625 0.5111111111111111 0.3484375 0.5777777777777777 0.3421875 0.6666666666666666 0.346875 0.7083333333333334 0.365625 0.7194444444444444 0.365625 0.7305555555555555 0.353125 0.7444444444444445 0.35 0.75 0.33125 0.7805555555555556 0.315625 0.7861111111111111 0.3 0.7 0.2796875 0.6388888888888888 0.28125 0.5277777777777778 0.303125
1 0.013888888888888888 0.71875 0 0.71875 0 0.9984375 0.06111111111111111 0.9984375 0.06944444444444445 0.99375 0.075 0.9984375 0.28888888888888886 0.996875 0.2916666666666667 0.9875 0.23055555555555557 0.925
1 0.175 0.7171875 0.1638888888888889 0.721875 0.17222222222222222 0.7375 0.4444444444444444 0.9984375 0.8444444444444444 0.9984375 0.8583333333333333 0.98125 0.8583333333333333 0.95625 0.9083333333333333 0.946875 0.9027777777777778 0.8953125 0.8861111111111111 0.8796875 0.7444444444444445 0.7859375 0.6805555555555556 0.7609375 0.5444444444444444 0.6828125 0.5333333333333333 0.6640625 0.49166666666666664 0.6625 0.475 0.7 0.4722222222222222 0.7359375 0.45 0.746875 0.4444444444444444 0.76875 0.4361111111111111 0.771875 0.4222222222222222 0.76875 0.4166666666666667 0.75 0.36944444444444446 0.7359375 0.20833333333333334 0.715625
1 0.20277777777777778 0.5109375 0.19722222222222222 0.51875 0.2222222222222222 0.521875 0.4166666666666667 0.53125 0.5138888888888888 0.54375 0.5277777777777778 0.540625 0.7111111111111111 0.371875 0.7416666666666667 0.3515625 0.7833333333333333 0.30625 0.7805555555555556 0.3 0.7 0.2828125 0.65 0.284375 0.55 0.3 0.49722222222222223 0.3171875 0.45555555555555555 0.3375 0.4388888888888889 0.3515625 0.43333333333333335 0.36875 0.4166666666666667 0.3796875 0.3972222222222222 0.384375 0.3888888888888889 0.39375 0.35555555555555557 0.3984375 0.33055555555555555 0.4140625 0.3138888888888889 0.4140625 0.2722222222222222 0.459375
1 0.19444444444444445 0.5140625 0.19444444444444445 0.5203125 0.24444444444444444 0.525 0.5277777777777778 0.5421875 0.7083333333333334 0.3828125 0.7166666666666667 0.36875 0.7416666666666667 0.3546875 0.7833333333333333 0.3109375 0.7861111111111111 0.3 0.7111111111111111 0.2828125 0.6388888888888888 0.2828125 0.55 0.2984375 0.49444444444444446 0.3171875 0.46111111111111114 0.3328125 0.45 0.346875 0.4388888888888889 0.346875 0.43333333333333335 0.3640625 0.40555555555555556 0.3796875 0.38055555555555554 0.3921875 0.3138888888888889 0.409375 0.2722222222222222 0.4578125
1 0.7138888888888889 0.7578125 0.7111111111111111 0.765625 0.7444444444444445 0.78125 0.7916666666666666 0.7703125 0.7861111111111111 0.7609375 0.7472222222222222 0.7515625