1 0.002777777777777778 0.6546875 0.002777777777777778 0.9765625 0.06666666666666667 0.990625 0.10555555555555556 0.990625 0.11944444444444445 0.9984375 0.3138888888888889 0.9984375 0.3333333333333333 0.99375 0.3277777777777778 0.990625 0.33611111111111114 0.9734375 0.30833333333333335 0.94375 0.25833333333333336 0.903125 0.13055555555555556 0.765625 0.022222222222222223 0.665625 0.002777777777777778 0.6546875
1 0.7333333333333333 0.71875 0.7305555555555555 0.725 0.7416666666666667 0.734375 0.8388888888888889 0.7921875 0.8694444444444445 0.8203125 0.8833333333333333 0.821875 0.9055555555555556 0.79375 0.9138888888888889 0.7515625 0.9027777777777778 0.671875 0.8305555555555556 0.6984375 0.7888888888888889 0.7046875 0.7694444444444445 0.715625 0.7333333333333333 0.71875
1 0.011111111111111112 0.6734375 0.011111111111111112 0.684375 0 0.6890625 0 0.8015625 0.008333333333333333 0.815625 0 0.8375 0.005555555555555556 0.9765625 0.058333333333333334 0.9875 0.10277777777777777 0.9875 0.125 0.9984375 0.3111111111111111 0.9984375 0.34444444444444444 0.99375 0.3333333333333333 0.9703125 0.125 0.7640625 0.030555555555555555 0.6765625 0.019444444444444445 0.66875 0.011111111111111112 0.6734375
1 0.20277777777777778 0.6953125 0.2361111111111111 0.7421875 0.5 0.9953125 0.5527777777777778 0.9984375 0.6055555555555555 0.9953125 0.6083333333333333 0.9890625 0.6305555555555555 0.9984375 0.6777777777777778 0.990625 0.7222222222222222 0.99375 0.7361111111111112 0.95625 0.7527777777777778 0.9546875 0.7638888888888888 0.9625 0.7666666666666667 0.9546875 0.7916666666666666 0.95 0.7944444444444444 0.9359375 0.8388888888888889 0.909375 0.8722222222222222 0.9 0.875 0.8375 0.8277777777777777 0.7921875 0.725 0.7265625 0.5888888888888889 0.6546875 0.49166666666666664 0.590625 0.4638888888888889 0.5890625 0.36944444444444446 0.7140625 0.3472222222222222 0.73125 0.3388888888888889 0.71875 0.30277777777777776 0.7140625 0.2777777777777778 0.6953125 0.20277777777777778 0.6953125
1 0.10555555555555556 0.4703125 0.1 0.4796875 0.13333333333333333 0.4859375 0.35833333333333334 0.5078125 0.49166666666666664 0.515625 0.6416666666666667 0.3546875 0.6527777777777778 0.3328125 0.7166666666666667 0.2703125 0.7277777777777777 0.2453125 0.6666666666666666 0.2453125 0.6555555555555556 0.23125 0.6222222222222222 0.23125 0.6055555555555555 0.221875 0.5416666666666666 0.221875 0.3611111111111111 0.30625 0.35 0.31875 0.32222222222222224 0.3296875 0.2861111111111111 0.35625 0.20555555555555555 0.4 0.10555555555555556 0.4703125
1 0.6222222222222222 0.9921875 0.6416666666666667 0.99375 0.6222222222222222 0.9921875
1 0.275 0.6953125 0 0
1 0.23055555555555557 0.6953125 0.2361111111111111 0.709375 0.225 0.7109375 0.2222222222222222 0.7265625 0.2388888888888889 0.740625 0.2388888888888889 0.7328125 0.25 0.73125 0.25 0.7203125 0.2638888888888889 0.7109375 0.28055555555555556 0.709375 0.26666666666666666 0.709375 0.26944444444444443 0.7015625 0.25555555555555554 0.6953125 0.24722222222222223 0.7 0.23055555555555557 0.6953125
1 0.002777777777777778 0.7 0.008333333333333333 0.7421875 0 0.753125 0 0.7984375 0.016666666666666666 0.8171875 0 0.8421875 0 0.8515625 0.008333333333333333 0.8546875 0 0.89375 0.005555555555555556 0.975 0.04722222222222222 0.9859375 0.10277777777777777 0.9875 0.125 0.9984375 0.3416666666666667 0.9953125 0.3333333333333333 0.971875 0.2861111111111111 0.9234375 0.05277777777777778 0.6953125 0.03611111111111111 0.68125 0.016666666666666666 0.6828125 0.022222222222222223 0.6734375 0.002777777777777778 0.7
1 0.28055555555555556 0.721875 0.28055555555555556 0.7390625 0.26944444444444443 0.7453125 0.25555555555555554 0.74375 0.25833333333333336 0.759375 0.32222222222222224 0.828125 0.49444444444444446 0.9875 0.5555555555555556 0.9953125 0.5638888888888889 0.99375 0.5666666666666667 0.98125 0.5944444444444444 0.9875 0.6166666666666667 0.984375 0.6194444444444445 0.978125 0.6416666666666667 0.98125 0.6416666666666667 0.9875 0.6638888888888889 0.9875 0.6861111111111111 0.9734375 0.6861111111111111 0.965625 0.7027777777777777 0.96875 0.7 0.9734375 0.7138888888888889 0.9734375 0.7194444444444444 0.9796875 0.7333333333333333 0.9734375 0.7333333333333333 0.953125 0.7638888888888888 0.9546875 0.7916666666666666 0.9484375 0.7944444444444444 0.934375 0.8444444444444444 0.90625 0.8694444444444445 0.903125 0.875 0.8375 0.8361111111111111 0.8 0.725 0.7265625 0.6777777777777778 0.7 0.65 0.6921875 0.5861111111111111 0.653125 0.5 0.59375 0.4666666666666667 0.590625 0.46111111111111114 0.5953125 0.36666666666666664 0.71875 0.3527777777777778 0.7265625 0.3194444444444444 0.7140625 0.3 0.7140625 0.2916666666666667 0.725 0.28055555555555556 0.721875
1 0.20833333333333334 0.396875 0.09444444444444444 0.4765625 0.09722222222222222 0.48125 0.3638888888888889 0.509375 0.4888888888888889 0.5171875 0.5138888888888888 0.4984375 0.65 0.3390625 0.7194444444444444 0.271875 0.7305555555555555 0.240625 0.675 0.2453125 0.6583333333333333 0.2421875 0.6416666666666667 0.2296875 0.6388888888888888 0.2390625 0.625 0.2234375 0.5416666666666666 0.221875 0.49722222222222223 0.2375 0.4583333333333333 0.2609375 0.37222222222222223 0.296875 0.2972222222222222 0.3484375 0.20833333333333334 0.396875