1 0.002777777777777778 0.696875 0 0.9921875 0.03333333333333333 0.9984375 0.13055555555555556 0.9984375 0.1388888888888889 0.99375 0.14444444444444443 0.9984375 0.20555555555555555 0.99375 0.21666666666666667 0.9984375 0.2388888888888889 0.9984375 0.24722222222222223 0.99375 0.25555555555555554 0.9984375 0.31666666666666665 0.9984375 0.3333333333333333 0.99375 0.32222222222222224 0.9765625 0.24444444444444444 0.9125 0.125 0.796875
1 0.08888888888888889 0.575 0.1 0.596875 0.08611111111111111 0.615625 0.125 0.6578125 0.19722222222222222 0.6640625 0.275 0.6171875 0.325 0.6109375 0.31666666666666665 0.5984375 0.2777777777777778 0.5859375 0.16666666666666666 0.59375 0.13055555555555556 0.5875 0.12222222222222222 0.5765625
1 0.16111111111111112 0.59375 0.15833333333333333 0.5984375 0.16666666666666666 0.5984375
1 0.14444444444444443 0.64375 0.1638888888888889 0.6609375 0.12222222222222222 0.6640625 0.14166666666666666 0.6859375 0.49444444444444446 0.9984375 0.6833333333333333 0.9984375 0.6916666666666667 0.99375 0.6916666666666667 0.9828125 0.7083333333333334 0.9765625 0.7083333333333334 0.9625 0.6972222222222222 0.9609375 0.7027777777777777 0.9515625 0.7388888888888889 0.9546875 0.8055555555555556 0.9453125 0.8111111111111111 0.934375 0.85 0.9078125 0.8833333333333333 0.896875 0.8888888888888888 0.8296875 0.8694444444444445 0.8 0.7888888888888889 0.7421875 0.7472222222222222 0.6953125 0.6333333333333333 0.634375 0.6194444444444445 0.6203125 0.5972222222222222 0.6171875 0.5583333333333333 0.59375 0.5388888888888889 0.5921875 0.4861111111111111 0.6125 0.43333333333333335 0.6125 0.425 0.6078125 0.4166666666666667 0.6140625 0.4166666666666667 0.6046875 0.37777777777777777 0.6046875 0.3638888888888889 0.609375 0.3611111111111111 0.6015625 0.3472222222222222 0.6109375 0.28888888888888886 0.6125 0.275 0.6078125 0.26944444444444443 0.6140625 0.2611111111111111 0.6125 0.20555555555555555 0.6625 0.17777777777777778 0.665625 0.16666666666666666 0.6609375 0.16666666666666666 0.6359375 0.1638888888888889 0.653125 0.1527777777777778 0.65 0.1638888888888889 0.6453125 0.1527777777777778 0.640625
1 0.35 0.471875 0.3388888888888889 0.496875 0.3611111111111111 0.503125 0.3861111111111111 0.496875 0.4305555555555556 0.496875 0.4444444444444444 0.5078125 0.5861111111111111 0.515625 0.6166666666666667 0.484375 0.6361111111111111 0.4453125 0.55 0.4484375 0.5083333333333333 0.4359375 0.49722222222222223 0.4390625 0.45555555555555555 0.4171875 0.4027777777777778 0.4390625
1 0.325 0.4921875 0.32222222222222224 0.496875 0.33611111111111114 0.5015625 0.5916666666666667 0.5171875 0.6083333333333333 0.5015625 0.6361111111111111 0.4453125 0.6 0.45 0.5472222222222223 0.4484375 0.4666666666666667 0.4203125 0.4361111111111111 0.41875 0.425 0.434375 0.3888888888888889 0.446875
1 0.005555555555555556 0.696875 0.002777777777777778 0.990625 0.044444444444444446 0.9984375 0.12222222222222222 0.9984375 0.1361111111111111 0.99375 0.14722222222222223 0.9984375 0.20277777777777778 0.99375 0.21944444444444444 0.9984375 0.24444444444444444 0.99375 0.25833333333333336 0.9984375 0.3277777777777778 0.9953125 0.325 0.98125 0.2777777777777778 0.9359375 0.24444444444444444 0.9140625 0.11944444444444445 0.7921875
1 0.04722222222222222 0.575 0.041666666666666664 0.59375 0.06666666666666667 0.60625 0.08055555555555556 0.584375 0.06666666666666667 0.571875
1 0.14166666666666666 0.671875 0.14444444444444443 0.6859375 0.2361111111111111 0.771875 0.26944444444444443 0.7953125 0.4861111111111111 0.99375 0.5666666666666667 0.9984375 0.6555555555555556 0.99375 0.6611111111111111 0.9984375 0.6777777777777778 0.9984375 0.6888888888888889 0.99375 0.6833333333333333 0.9625 0.7055555555555556 0.9484375 0.7277777777777777 0.9515625 0.7444444444444445 0.9453125 0.8055555555555556 0.9421875 0.8416666666666667 0.9109375 0.8805555555555555 0.896875 0.8888888888888888 0.8421875 0.8861111111111111 0.821875 0.8694444444444445 0.8015625 0.7861111111111111 0.740625 0.7638888888888888 0.709375 0.7333333333333333 0.6875 0.5805555555555556 0.60625 0.5527777777777778 0.596875 0.5333333333333333 0.5953125 0.4861111111111111 0.6140625 0.41388888888888886 0.615625 0.37777777777777777 0.609375 0.2638888888888889 0.6171875 0.20277777777777778 0.665625 0.18055555555555555 0.675 0.1638888888888889 0.6703125 0.15833333333333333 0.6734375 0.1527777777777778 0.6671875
1 0.4 0.5984375 0.37222222222222223 0.5984375 0.37222222222222223 0.6125 0.41388888888888886 0.61875 0.4638888888888889 0.6125
1 0.5472222222222223 0.575 0.5444444444444444 0.584375 0.5666666666666667 0.5984375 0.6027777777777777 0.615625 0.6305555555555555 0.615625 0.5972222222222222 0.540625
1 0.7861111111111111 0.7015625 0.7777777777777778 0.709375 0.7861111111111111 0.7328125 0.8777777777777778 0.8015625 0.8916666666666667 0.8046875 0.8861111111111111 0.778125 0.8972222222222223 0.76875 0.9083333333333333 0.6984375 0.9027777777777778 0.66875 0.8888888888888888 0.6671875 0.8277777777777777 0.6921875