1 0.9111111111111111 0.946875 0.9083333333333333 0.9734375 0.9166666666666666 0.9796875 0.9222222222222223 0.94375 0.9166666666666666 0.940625
1 0.7555555555555555 0.7609375 0.7527777777777778 0.771875 0.8055555555555556 0.8125 0.9055555555555556 0.875 0.9138888888888889 0.8953125 0.9277777777777778 0.9015625 0.9305555555555556 0.8875 0.9444444444444444 0.884375 0.95 0.8765625 0.9583333333333334 0.79375 0.9444444444444444 0.71875 0.9305555555555556 0.7171875 0.8638888888888889 0.74375 0.8305555555555556 0.7484375 0.8055555555555556 0.759375
1 0.008333333333333333 0.984375 0 0.984375 0 0.9984375 0.02888888888888889 0.9984375 0.027777777777777776 0.990625 0.043333333333333335 0.9984375 0.05277777777777778 0.99375 0.05777777777777778 0.9984375 0.07222222222222222 0.9984375 0.041666666666666664 0.9875 0.027777777777777776 0.9875 0.025 0.9921875
1 0.7583333333333333 0.765625 0.7611111111111111 0.778125 0.8027777777777778 0.809375 0.9111111111111111 0.8765625 0.925 0.8765625 0.9444444444444444 0.8515625 0.9555555555555556 0.8046875 0.9472222222222222 0.73125 0.9 0.728125 0.8638888888888889 0.74375 0.825 0.75 0.8 0.7609375
1 0.002777777777777778 0.7125 0 0.9765625 0.025 0.9828125 0.027777777777777776 0.99375 0.044444444444444446 0.9875 0.06944444444444445 0.9921875 0.075 0.9984375 0.30277777777777776 0.9984375 0.3111111111111111 0.99375 0.3055555555555556 0.984375 0.125 0.8046875 0.019444444444444445 0.709375 0.008333333333333333 0.70625
1 0.175 0.7078125 0.16944444444444445 0.7171875 0.18055555555555555 0.73125 0.46111111111111114 0.9984375 0.8583333333333333 0.9984375 0.875 0.99375 0.8694444444444445 0.9453125 0.9166666666666666 0.928125 0.9 0.8796875 0.7527777777777778 0.778125 0.6416666666666667 0.7296875 0.5833333333333334 0.696875 0.5666666666666667 0.68125 0.5527777777777778 0.6765625 0.5 0.6796875 0.5027777777777778 0.7140625 0.4861111111111111 0.728125 0.4666666666666667 0.73125 0.45 0.75 0.3888888888888889 0.7359375 0.3611111111111111 0.7234375 0.33055555555555555 0.721875 0.3055555555555556 0.7140625 0.20555555555555555 0.703125
1 0.008333333333333333 0.703125 0 0.7078125 0 0.9796875 0.016666666666666666 0.98125 0.030555555555555555 0.9953125 0.05277777777777778 0.990625 0.06944444444444445 0.9921875 0.075 0.9984375 0.30277777777777776 0.9984375 0.3111111111111111 0.99375 0.30833333333333335 0.9875 0.2361111111111111 0.9140625 0.125 0.803125
1 0.16944444444444445 0.7078125 0.16666666666666666 0.715625 0.18333333333333332 0.734375 0.46111111111111114 0.9984375 0.8722222222222222 0.9984375 0.8777777777777778 0.9796875 0.8694444444444445 0.953125 0.8805555555555555 0.94375 0.9166666666666666 0.9328125 0.9027777777777778 0.8796875 0.7555555555555555 0.7796875 0.6416666666666667 0.7296875 0.5666666666666667 0.6796875 0.5444444444444444 0.6734375 0.49722222222222223 0.675 0.4888888888888889 0.7203125 0.46111111111111114 0.7328125 0.44722222222222224 0.75 0.4027777777777778 0.734375 0.38333333333333336 0.7328125 0.37222222222222223 0.725 0.3333333333333333 0.721875 0.28888888888888886 0.7109375 0.20555555555555555 0.703125
1 0.3055555555555556 0.4109375 0.2972222222222222 0.434375 0.2388888888888889 0.4734375 0.20555555555555555 0.5046875 0.5277777777777778 0.5265625 0.7027777777777777 0.3734375 0.7444444444444445 0.3484375 0.7861111111111111 0.2921875 0.6888888888888889 0.2734375 0.6333333333333333 0.275 0.5555555555555556 0.2890625 0.475 0.3171875 0.4638888888888889 0.3484375 0.35833333333333334 0.3796875
1 0.20277777777777778 0.4984375 0.20277777777777778 0.50625 0.225 0.509375 0.525 0.5296875 0.5694444444444444 0.496875 0.7027777777777777 0.375 0.7472222222222222 0.3484375 0.7583333333333333 0.3265625 0.7861111111111111 0.3046875 0.7888888888888889 0.2921875 0.7194444444444444 0.275 0.6666666666666666 0.271875 0.5555555555555556 0.2875 0.5055555555555555 0.303125 0.46944444444444444 0.3171875 0.46944444444444444 0.340625 0.46111111111111114 0.346875 0.35555555555555557 0.378125 0.3055555555555556 0.40625 0.2916666666666667 0.434375
1 0.7194444444444444 0.74375 0.7111111111111111 0.7515625 0.7416666666666667 0.76875 0.7638888888888888 0.76875 0.7944444444444444 0.7578125 0.7611111111111111 0.7453125
1 0.46944444444444444 0.6890625 0.4666666666666667 0.70625 0.48333333333333334 0.7171875 0.49166666666666664 0.6828125 0.5527777777777778 0.66875 0.5666666666666667 0.6734375 0.5472222222222223 0.621875 0.5277777777777778 0.6078125 0.5166666666666667 0.60625 0.5055555555555555 0.6140625