0 0.35208333333333336 0.5433763188745604 0.35520833333333335 0.5715123094958968 0.34479166666666666 0.5779601406799532 0.340625 0.5855803048065651 0.33125 0.5920281359906213 0.315625 0.6090269636576788 0.34375 0.6266119577960141 0.359375 0.6318874560375146 0.41875 0.6354044548651817 0.4895833333333333 0.6430246189917936 0.5677083333333334 0.6406799531066822 0.5927083333333333 0.6365767878077374 0.6010416666666667 0.6248534583821805 0.6239583333333333 0.6049237983587339 0.6260416666666667 0.5955451348182884 0.6208333333333333 0.5879249706916765 0.6052083333333333 0.5762016412661196 0.596875 0.5756154747948418 0.578125 0.567409144196952 0.575 0.5468933177022274 0.5645833333333333 0.5404454865181711 0.534375 0.5416178194607268 0.5104166666666666 0.5386869871043376 0.46458333333333335 0.5392731535756154 0.453125 0.5416178194607268 0.44166666666666665 0.5398593200468933 0.3927083333333333 0.5392731535756154 0.35208333333333336 0.5433763188745604
0 0.8822916666666667 0.593200468933177 0.88125 0.6828839390386869 0.884375 0.6922626025791325 0.9 0.6981242672919109 0.928125 0.6981242672919109 0.953125 0.7033997655334114 0.9885416666666667 0.7075029308323564 0.9958333333333333 0.7069167643610785 0.9989583333333333 0.7057444314185228 0.9989583333333333 0.5679953106682297 0.9802083333333333 0.5697538100820633 0.95625 0.5762016412661196 0.9135416666666667 0.5808909730363423 0.8822916666666667 0.593200468933177
0 0.35104166666666664 0.5427901524032825 0.35520833333333335 0.5715123094958968 0.34479166666666666 0.5791324736225087 0.34270833333333334 0.5844079718640094 0.3177083333333333 0.6096131301289566 0.353125 0.6301289566236812 0.490625 0.6430246189917936 0.5677083333333334 0.6406799531066822 0.5927083333333333 0.6371629542790153 0.6072916666666667 0.61957796014068 0.6208333333333333 0.6101992966002344 0.6260416666666667 0.6019929660023446 0.6260416666666667 0.5949589683470106 0.6208333333333333 0.5873388042203986 0.6114583333333333 0.5808909730363423 0.5958333333333333 0.5756154747948418 0.5833333333333334 0.5679953106682297 0.5770833333333333 0.5445486518171161 0.5677083333333334 0.5398593200468933 0.534375 0.5404454865181711 0.51875 0.5381008206330598 0.45729166666666665 0.5404454865181711 0.3927083333333333 0.5386869871043376 0.35625 0.541031652989449 0.35104166666666664 0.5427901524032825
0 0.4125 0.447831184056272 0.41041666666666665 0.4525205158264947 0.421875 0.45427901524032827 0.4666666666666667 0.45427901524032827 0.5635416666666667 0.44958968347010553 0.5822916666666667 0.43259085580304807 0.5947916666666667 0.41090269636576787 0.5854166666666667 0.406799531066823 0.55 0.40211019929660025 0.5052083333333334 0.406799531066823 0.471875 0.417936694021102 0.45729166666666665 0.42672919109026963 0.4197916666666667 0.4425556858147714 0.4125 0.447831184056272
0 0.0875 0.6365767878077374 0.08541666666666667 0.6406799531066822 0.115625 0.638335287221571 0.16666666666666666 0.6260257913247362 0.16979166666666667 0.6225087924970691 0.15625 0.6090269636576788 0.14375 0.6055099648300117 0.0875 0.6365767878077374
0 0.20208333333333334 0.5756154747948418 0.20104166666666667 0.5779601406799532 0.20520833333333333 0.582063305978898 0.2552083333333333 0.6125439624853458 0.2708333333333333 0.6154747948417351 0.2791666666666667 0.6143024618991794 0.284375 0.6101992966002344 0.30625 0.6096131301289566 0.32083333333333336 0.6143024618991794 0.32916666666666666 0.6189917936694022 0.33125 0.6236811254396248 0.36041666666666666 0.6330597889800703 0.41875 0.6359906213364596 0.4375 0.6377491207502931 0.44375 0.6400937866354045 0.503125 0.6441969519343493 0.603125 0.638335287221571 0.634375 0.6430246189917936 0.640625 0.6483001172332943 0.646875 0.6477139507620164 0.6541666666666667 0.6506447831184057 0.6739583333333333 0.6500586166471278 0.678125 0.6125439624853458 0.678125 0.5668229777256741 0.6739583333333333 0.5638921453692849 0.6541666666666667 0.5638921453692849 0.6270833333333333 0.5744431418522861 0.5947916666666667 0.5744431418522861 0.578125 0.567409144196952 0.5739583333333333 0.5468933177022274 0.5614583333333333 0.541031652989449 0.5354166666666667 0.5422039859320047 0.5239583333333333 0.5392731535756154 0.46875 0.5392731535756154 0.459375 0.5416178194607268 0.3927083333333333 0.5398593200468933 0.36770833333333336 0.5427901524032825 0.3625 0.5451348182883939 0.35520833333333335 0.5439624853458382 0.35208333333333336 0.5509964830011723 0.3229166666666667 0.5539273153575616 0.3104166666666667 0.5574443141852286 0.309375 0.5609613130128956 0.334375 0.5662368112543963 0.33958333333333335 0.5697538100820633 0.3375 0.5738569753810082 0.32916666666666666 0.5773739742086753 0.31354166666666666 0.5785463071512309 0.2760416666666667 0.5762016412661196 0.2677083333333333 0.5744431418522861 0.26458333333333334 0.5691676436107854 0.26145833333333335 0.5697538100820633 0.234375 0.5621336459554513 0.21666666666666667 0.563305978898007 0.20208333333333334 0.5756154747948418
0 0.08645833333333333 0.6365767878077374 0.08333333333333333 0.6406799531066822 0.11666666666666667 0.638335287221571 0.14791666666666667 0.6313012895662368 0.15729166666666666 0.6271981242672919 0.16770833333333332 0.6260257913247362 0.17083333333333334 0.6225087924970691 0.15729166666666666 0.6090269636576788 0.14479166666666668 0.6049237983587339 0.11041666666666666 0.6219226260257913 0.08645833333333333 0.6365767878077374
0 0.20104166666666667 0.5750293083235639 0.2 0.5785463071512309 0.20416666666666666 0.582063305978898 0.25729166666666664 0.6137162954279015 0.275 0.6137162954279015 0.2833333333333333 0.6101992966002344 0.3104166666666667 0.6072684642438453 0.32083333333333336 0.6008206330597889 0.3375 0.5832356389214537 0.33645833333333336 0.5773739742086753 0.328125 0.5791324736225087 0.303125 0.5785463071512309 0.26875 0.5756154747948418 0.26458333333333334 0.570926143024619 0.2375 0.5621336459554513 0.22708333333333333 0.5609613130128956 0.21875 0.5615474794841735 0.20104166666666667 0.5750293083235639
0 0.31979166666666664 0.556271981242673 0.3145833333333333 0.5574443141852286 0.31875 0.5568581477139508 0.3177083333333333 0.5592028135990621 0.3229166666666667 0.5603751465416178 0.32916666666666666 0.5568581477139508 0.31979166666666664 0.556271981242673
0 0.340625 0.5539273153575616 0.3375 0.5545134818288394 0.3416666666666667 0.5568581477139508 0.340625 0.5539273153575616
0 0.35208333333333336 0.5451348182883939 0.35625 0.570926143024619 0.34479166666666666 0.5767878077373975 0.340625 0.5849941383352872 0.32916666666666666 0.5920281359906213 0.315625 0.6078546307151231 0.3177083333333333 0.611957796014068 0.35208333333333336 0.6301289566236812 0.49375 0.6436107854630715 0.6052083333333333 0.638335287221571 0.6333333333333333 0.6424384525205158 0.65 0.64947245017585 0.6677083333333333 0.6512309495896834 0.675 0.6500586166471278 0.6791666666666667 0.6060961313012896 0.6791666666666667 0.5679953106682297 0.6760416666666667 0.5638921453692849 0.65 0.5638921453692849 0.6354166666666666 0.5720984759671747 0.6260416666666667 0.5744431418522861 0.5947916666666667 0.5744431418522861 0.5791666666666667 0.5662368112543963 0.575 0.5463071512309496 0.5635416666666667 0.5404454865181711 0.5572916666666666 0.5398593200468933 0.5385416666666667 0.5422039859320047 0.5239583333333333 0.5392731535756154 0.46770833333333334 0.5392731535756154 0.453125 0.5416178194607268 0.41041666666666665 0.5392731535756154 0.35520833333333335 0.5427901524032825 0.35208333333333336 0.5451348182883939
0 0.409375 0.44958968347010553 0.40729166666666666 0.45310668229777257 0.41875 0.45427901524032827 0.5614583333333333 0.4501758499413834 0.5677083333333334 0.44724501758499413 0.5822916666666667 0.4331770222743259 0.5947916666666667 0.41031652989449 0.5885416666666666 0.40738569753810083 0.5520833333333334 0.40211019929660025 0.5260416666666666 0.40328253223915594 0.5041666666666667 0.406799531066823 0.47291666666666665 0.41735052754982416 0.4552083333333333 0.4273153575615475 0.42083333333333334 0.4413833528722157 0.409375 0.44958968347010553