0 0.001851851851851852 0.8875 0.001851851851851852 0.91875 0.007407407407407408 0.925 0.016666666666666666 0.9270833333333334 0.018518518518518517 0.9364583333333333 0.04814814814814815 0.9447916666666667 0.06851851851851852 0.9458333333333333 0.046296296296296294 0.909375 0.03148148148148148 0.9020833333333333 0.022222222222222223 0.8916666666666667 0.016666666666666666 0.8927083333333333 0.005555555555555556 0.884375 0.001851851851851852 0.8875
0 0.09074074074074075 0.74375 0.08518518518518518 0.7489583333333333 0.09814814814814815 0.76875 0.31666666666666665 0.9822916666666667 0.3314814814814815 0.9791666666666666 0.35185185185185186 0.9802083333333333 0.3962962962962963 0.9895833333333334 0.44074074074074077 0.9958333333333333 0.4648148148148148 0.9958333333333333 0.4703703703703704 0.9989583333333333 0.5018518518518519 0.9958333333333333 0.5314814814814814 0.9989583333333333 0.5518518518518518 0.9947916666666666 0.5833333333333334 0.9947916666666666 0.587037037037037 0.9895833333333334 0.6092592592592593 0.9864583333333333 0.6222222222222222 0.9614583333333333 0.6407407407407407 0.9635416666666666 0.65 0.9572916666666667 0.6574074074074074 0.9604166666666667 0.6851851851851852 0.9614583333333333 0.7055555555555556 0.9458333333333333 0.7222222222222222 0.9520833333333333 0.7333333333333333 0.9520833333333333 0.7444444444444445 0.9489583333333333 0.7592592592592593 0.934375 0.7962962962962963 0.9197916666666667 0.8111111111111111 0.9083333333333333 0.8333333333333334 0.9052083333333333 0.8277777777777777 0.8791666666666667 0.7962962962962963 0.8447916666666667 0.774074074074074 0.8354166666666667 0.7537037037037037 0.8208333333333333 0.7444444444444445 0.8229166666666666 0.737037037037037 0.803125 0.725925925925926 0.8020833333333334 0.7037037037037037 0.7927083333333333 0.6944444444444444 0.7635416666666667 0.6722222222222223 0.7552083333333334 0.6518518518518519 0.7666666666666667 0.6259259259259259 0.7333333333333333 0.5981481481481481 0.7197916666666667 0.5648148148148148 0.7270833333333333 0.5592592592592592 0.7447916666666666 0.5518518518518518 0.75 0.5037037037037037 0.75 0.4648148148148148 0.7447916666666666 0.45185185185185184 0.7395833333333334 0.3907407407407407 0.7354166666666667 0.3592592592592593 0.7270833333333333 0.3314814814814815 0.7239583333333334 0.2814814814814815 0.7260416666666667 0.1814814814814815 0.7083333333333334 0.16666666666666666 0.7114583333333333 0.1574074074074074 0.725 0.12407407407407407 0.7333333333333333 0.1111111111111111 0.74375 0.10185185185185185 0.7458333333333333 0.09814814814814815 0.7395833333333334 0.0962962962962963 0.74375 0.09074074074074075 0.74375
0 0.9648148148148148 0.9791666666666666 0.9666666666666667 0.9989583333333333 0.975925925925926 0.9958333333333333 0.9833333333333333 0.9989583333333333 0.9907407407407407 0.9958333333333333 0.9925925925925926 0.9822916666666667 0.9703703703703703 0.9760416666666667 0.9648148148148148 0.9791666666666666
0 0.7481481481481481 0.81875 0.7481481481481481 0.821875 0.7481481481481481 0.81875
0 0.7018518518518518 0.7510416666666667 0.7111111111111111 0.7958333333333333 0.7203703703703703 0.8020833333333334 0.7407407407407407 0.8041666666666667 0.7407407407407407 0.809375 0.7481481481481481 0.8166666666666667 0.7555555555555555 0.8166666666666667 0.7611111111111111 0.8270833333333333 0.7796296296296297 0.8291666666666667 0.7962962962962963 0.846875 0.8092592592592592 0.853125 0.8166666666666667 0.8677083333333333 0.8351851851851851 0.8854166666666666 0.8314814814814815 0.896875 0.837037037037037 0.9041666666666667 0.8296296296296296 0.9083333333333333 0.8203703703703704 0.90625 0.7981481481481482 0.9208333333333333 0.7611111111111111 0.9354166666666667 0.7444444444444445 0.9510416666666667 0.7185185185185186 0.953125 0.7055555555555556 0.9458333333333333 0.6944444444444444 0.959375 0.6777777777777778 0.9666666666666667 0.6611111111111111 0.96875 0.6574074074074074 0.9760416666666667 0.6481481481481481 0.9760416666666667 0.6462962962962963 0.9677083333333333 0.6333333333333333 0.9708333333333333 0.6240740740740741 0.98125 0.6296296296296297 0.9802083333333333 0.6370370370370371 0.9875 0.6277777777777778 0.99375 0.674074074074074 0.9947916666666666 0.6833333333333333 0.9989583333333333 0.9314814814814815 0.9989583333333333 0.937037037037037 0.9947916666666666 0.9296296296296296 0.9875 0.9407407407407408 0.9739583333333334 0.9407407407407408 0.95 0.9333333333333333 0.9416666666666667 0.9407407407407408 0.9385416666666667 0.9555555555555556 0.940625 0.9722222222222222 0.9270833333333334 0.9796296296296296 0.9322916666666666 0.9796296296296296 0.9270833333333334 0.9925925925925926 0.9197916666666667 0.9925925925925926 0.796875 0.975925925925926 0.790625 0.9481481481481482 0.7875 0.9333333333333333 0.7791666666666667 0.7925925925925926 0.75 0.7148148148148148 0.7447916666666666 0.7018518518518518 0.7510416666666667
0 0.6370370370370371 0.7354166666666667 0.6351851851851852 0.7385416666666667 0.6518518518518519 0.7572916666666667 0.6611111111111111 0.7604166666666666 0.662962962962963 0.7510416666666667 0.6370370370370371 0.7354166666666667
0 0.9 0.9864583333333333 0 0
0 0.003703703703703704 0.8760416666666667 0 0.9166666666666666 0.016666666666666666 0.928125 0.016666666666666666 0.9354166666666667 0.05555555555555555 0.9447916666666667 0.06851851851851852 0.9427083333333334 0.06666666666666667 0.93125 0.05 0.9114583333333334 0.011111111111111112 0.875 0.005555555555555556 0.8729166666666667 0.003703703703703704 0.8760416666666667
0 0.06851851851851852 0.859375 0.07037037037037037 0.8625 0.06851851851851852 0.859375
0 0.08518518518518518 0.7427083333333333 0.08333333333333333 0.7489583333333333 0.09814814814814815 0.76875 0.31666666666666665 0.9822916666666667 0.34444444444444444 0.9791666666666666 0.3814814814814815 0.9875 0.4666666666666667 0.9989583333333333 0.5388888888888889 0.9989583333333333 0.5518518518518518 0.9958333333333333 0.5814814814814815 0.9989583333333333 0.6129629629629629 0.9947916666666666 0.6537037037037037 0.9958333333333333 0.662962962962963 0.9989583333333333 0.7018518518518518 0.9989583333333333 0.7092592592592593 0.9958333333333333 0.725925925925926 0.9989583333333333 0.75 0.9989583333333333 0.7574074074074074 0.9958333333333333 0.7666666666666667 0.9989583333333333 0.8888888888888888 0.9989583333333333 0.8907407407407407 0.9916666666666667 0.8962962962962963 0.9916666666666667 0.9037037037037037 0.9989583333333333 0.9055555555555556 0.99375 0.8944444444444445 0.9885416666666667 0.8962962962962963 0.9802083333333333 0.9074074074074074 0.9760416666666667 0.9314814814814815 0.9760416666666667 0.9314814814814815 0.965625 0.9092592592592592 0.9458333333333333 0.9296296296296296 0.9270833333333334 0.9518518518518518 0.9270833333333334 0.9555555555555556 0.93125 0.9592592592592593 0.9291666666666667 0.9722222222222222 0.9072916666666667 0.9685185185185186 0.9010416666666666 0.9814814814814815 0.896875 0.9796296296296296 0.8854166666666666 0.9907407407407407 0.8760416666666667 0.9925925925925926 0.8052083333333333 0.9740740740740741 0.7927083333333333 0.9481481481481482 0.7885416666666667 0.9277777777777778 0.7791666666666667 0.7907407407407407 0.7510416666666667 0.7444444444444445 0.746875 0.7333333333333333 0.75 0.7129629629629629 0.746875 0.687037037037037 0.7583333333333333 0.6537037037037037 0.7458333333333333 0.6296296296296297 0.73125 0.6203703703703703 0.7302083333333333 0.6018518518518519 0.7166666666666667 0.587037037037037 0.7177083333333333 0.5833333333333334 0.7145833333333333 0.5666666666666667 0.7177083333333333 0.5592592592592592 0.74375 0.55 0.75 0.48148148148148145 0.7479166666666667 0.4444444444444444 0.7385416666666667 0.3851851851851852 0.734375 0.3351851851851852 0.7239583333333334 0.2814814814814815 0.7260416666666667 0.1814814814814815 0.70625 0.1648148148148148 0.70625 0.1425925925925926 0.7177083333333333 0.13333333333333333 0.7166666666666667 0.12962962962962962 0.7291666666666666 0.11851851851851852 0.7260416666666667 0.11296296296296296 0.7270833333333333 0.11296296296296296 0.7322916666666667 0.10555555555555556 0.7322916666666667 0.09814814814814815 0.7270833333333333 0.08518518518518518 0.7427083333333333
0 0.6074074074074074 0.659375 0.6092592592592593 0.66875 0.6074074074074074 0.659375
0 0.5944444444444444 0.653125 0.5981481481481481 0.65625 0.5925925925925926 0.6645833333333333 0.5981481481481481 0.6708333333333333 0.6018518518518519 0.653125 0.5944444444444444 0.653125
0 0.562962962962963 0.64375 0.562962962962963 0.65625 0.5703703703703704 0.6541666666666667 0.5703703703703704 0.646875 0.562962962962963 0.64375
0 0.5777777777777777 0.6354166666666666 0.5796296296296296 0.640625 0.5777777777777777 0.6354166666666666
0 0.3148148148148148 0.4979166666666667 0.30925925925925923 0.5114583333333333 0.32222222222222224 0.5166666666666667 0.5111111111111111 0.528125 0.5481481481481482 0.528125 0.562962962962963 0.5239583333333333 0.7648148148148148 0.3489583333333333 0.8074074074074075 0.309375 0.8111111111111111 0.3 0.8037037037037037 0.29583333333333334 0.7685185185185185 0.296875 0.737037037037037 0.28958333333333336 0.7111111111111111 0.28958333333333336 0.6685185185185185 0.29583333333333334 0.6444444444444445 0.309375 0.5888888888888889 0.33125 0.575925925925926 0.34270833333333334 0.4777777777777778 0.3729166666666667 0.45555555555555555 0.38333333333333336 0.4351851851851852 0.409375 0.3925925925925926 0.43125 0.3148148148148148 0.4979166666666667
0 0.9314814814814815 0.99375 0.9259259259259259 0.99375 0.9314814814814815 0.99375
0 0.9851851851851852 0.9927083333333333 0.9833333333333333 0.9989583333333333 0.9851851851851852 0.9927083333333333
0 0.9740740740740741 0.9927083333333333 0.9722222222222222 0.996875 0.9740740740740741 0.9927083333333333
0 0.003703703703703704 0.8802083333333334 0 0.9052083333333333 0.007407407407407408 0.925 0.016666666666666666 0.9270833333333334 0.022222222222222223 0.9375 0.06851851851851852 0.9447916666666667 0.04814814814814815 0.9104166666666667 0.022222222222222223 0.8885416666666667 0.007407407407407408 0.8791666666666667 0.003703703703703704 0.8802083333333334
0 0.17037037037037037 0.7104166666666667 0.17222222222222222 0.7166666666666667 0.15555555555555556 0.7260416666666667 0.14074074074074075 0.7322916666666667 0.1259259259259259 0.7333333333333333 0.1111111111111111 0.7447916666666666 0.09074074074074075 0.7479166666666667 0.09074074074074075 0.7572916666666667 0.31296296296296294 0.9802083333333333 0.3574074074074074 0.9802083333333333 0.42592592592592593 0.9947916666666666 0.48333333333333334 0.9989583333333333 0.5314814814814814 0.9989583333333333 0.5574074074074075 0.9947916666666666 0.5777777777777777 0.9989583333333333 0.5962962962962963 0.9958333333333333 0.6185185185185185 0.9958333333333333 0.6277777777777778 0.9989583333333333 0.9148148148148149 0.9989583333333333 0.9222222222222223 0.9947916666666666 0.9148148148148149 0.9875 0.9203703703703704 0.9822916666666667 0.9314814814814815 0.98125 0.9388888888888889 0.9666666666666667 0.9222222222222223 0.9552083333333333 0.9185185185185185 0.9416666666666667 0.9314814814814815 0.9354166666666667 0.9592592592592593 0.9354166666666667 0.9685185185185186 0.9208333333333333 0.9796296296296296 0.91875 0.9888888888888889 0.9041666666666667 0.9944444444444445 0.8104166666666667 0.9907407407407407 0.7989583333333333 0.975925925925926 0.7916666666666666 0.9518518518518518 0.7885416666666667 0.9277777777777778 0.778125 0.7907407407407407 0.75 0.7444444444444445 0.7458333333333333 0.7277777777777777 0.7479166666666667 0.7129629629629629 0.7447916666666666 0.6851851851851852 0.7583333333333333 0.6537037037037037 0.7447916666666666 0.6462962962962963 0.7375 0.6185185185185185 0.7302083333333333 0.6018518518518519 0.721875 0.5685185185185185 0.7270833333333333 0.5537037037037037 0.75 0.5055555555555555 0.7510416666666667 0.4703703703703704 0.746875 0.42777777777777776 0.7364583333333333 0.387037037037037 0.7354166666666667 0.34814814814814815 0.7260416666666667 0.31851851851851853 0.7239583333333334 0.2851851851851852 0.7270833333333333 0.24074074074074073 0.7208333333333333 0.2074074074074074 0.7114583333333333 0.17037037037037037 0.7104166666666667
0 0.3055555555555556 0.5041666666666667 0.3037037037037037 0.5145833333333333 0.32037037037037036 0.5177083333333333 0.48518518518518516 0.528125 0.5592592592592592 0.528125 0.7666666666666667 0.3489583333333333 0.8074074074074075 0.31145833333333334 0.8148148148148148 0.2989583333333333 0.7962962962962963 0.29375 0.7648148148148148 0.2947916666666667 0.737037037037037 0.2875 0.6759259259259259 0.29270833333333335 0.5907407407407408 0.32708333333333334 0.562962962962963 0.3458333333333333 0.4740740740740741 0.371875 0.44074074074074077 0.390625 0.43333333333333335 0.4083333333333333 0.37407407407407406 0.44166666666666665 0.3055555555555556 0.5041666666666667