0 0.11481481481481481 0.7802083333333333 0.1111111111111111 0.7864583333333334 0.1259259259259259 0.8041666666666667 0.17037037037037037 0.8458333333333333 0.18703703703703703 0.85625 0.2037037037037037 0.8572916666666667 0.2222222222222222 0.853125 0.2962962962962963 0.8614583333333333 0.32407407407407407 0.8697916666666666 0.34629629629629627 0.8708333333333333 0.3537037037037037 0.875 0.4166666666666667 0.884375 0.42592592592592593 0.8885416666666667 0.4648148148148148 0.89375 0.6018518518518519 0.9229166666666667 0.6222222222222222 0.9208333333333333 0.6574074074074074 0.928125 0.674074074074074 0.9229166666666667 0.6814814814814815 0.9260416666666667 0.6925925925925925 0.9239583333333333 0.7055555555555556 0.9302083333333333 0.7240740740740741 0.925 0.7333333333333333 0.9291666666666667 0.7555555555555555 0.93125 0.7759259259259259 0.9177083333333333 0.8 0.9177083333333333 0.8203703703703704 0.921875 0.8222222222222222 0.9166666666666666 0.837037037037037 0.909375 0.8574074074074074 0.9041666666666667 0.8722222222222222 0.8885416666666667 0.8870370370370371 0.8604166666666667 0.8833333333333333 0.85 0.825925925925926 0.8166666666666667 0.774074074074074 0.7979166666666667 0.7407407407407407 0.778125 0.674074074074074 0.759375 0.6407407407407407 0.7572916666666667 0.6129629629629629 0.7614583333333333 0.5611111111111111 0.7541666666666667 0.524074074074074 0.75625 0.4537037037037037 0.7520833333333333 0.387037037037037 0.75625 0.3333333333333333 0.7552083333333334 0.26481481481481484 0.7625 0.20185185185185187 0.7645833333333333 0.16666666666666666 0.771875 0.1388888888888889 0.771875 0.11481481481481481 0.7802083333333333
0 0.13148148148148148 0.6447916666666667 0.12407407407407407 0.6520833333333333 0.12777777777777777 0.65 0.13518518518518519 0.653125 0.13148148148148148 0.6447916666666667
0 0.1925925925925926 0.6354166666666666 0.19074074074074074 0.6375 0.1925925925925926 0.6354166666666666
0 0.15185185185185185 0.5979166666666667 0.1537037037037037 0.603125 0.15185185185185185 0.5979166666666667
0 0.16111111111111112 0.5947916666666667 0 0
0 0.23703703703703705 0.5885416666666666 0.22962962962962963 0.5885416666666666 0.22962962962962963 0.5947916666666667 0.23703703703703705 0.5885416666666666
0 0.07222222222222222 0.7260416666666667 0.07407407407407407 0.75 0.10185185185185185 0.7770833333333333 0.1425925925925926 0.7666666666666667 0.1685185185185185 0.7666666666666667 0.20555555555555555 0.759375 0.2574074074074074 0.7583333333333333 0.30185185185185187 0.753125 0.39444444444444443 0.7541666666666667 0.4351851851851852 0.7489583333333333 0.5444444444444444 0.7510416666666667 0.6111111111111112 0.7572916666666667 0.674074074074074 0.753125 0.6981481481481482 0.7645833333333333 0.7574074074074074 0.7822916666666667 0.7703703703703704 0.7927083333333333 0.8333333333333334 0.815625 0.8962962962962963 0.85 0.9037037037037037 0.8510416666666667 0.9185185185185185 0.8458333333333333 0.9444444444444444 0.8458333333333333 0.9537037037037037 0.8270833333333333 0.975925925925926 0.8208333333333333 0.987037037037037 0.8229166666666666 0.9925925925925926 0.8114583333333333 0.9944444444444445 0.7354166666666667 0.987037037037037 0.71875 0.9444444444444444 0.7135416666666666 0.9185185185185185 0.7020833333333333 0.7851851851851852 0.6760416666666667 0.6722222222222223 0.6677083333333333 0.6555555555555556 0.6791666666666667 0.65 0.6791666666666667 0.6185185185185185 0.6635416666666667 0.6129629629629629 0.6541666666666667 0.6185185185185185 0.65 0.6 0.646875 0.5851851851851851 0.628125 0.5555555555555556 0.6197916666666666 0.5111111111111111 0.6125 0.4666666666666667 0.609375 0.44814814814814813 0.6114583333333333 0.40555555555555556 0.6010416666666667 0.32222222222222224 0.603125 0.3055555555555556 0.5958333333333333 0.2537037037037037 0.5854166666666667 0.2388888888888889 0.5916666666666667 0.24074074074074073 0.5989583333333334 0.2351851851851852 0.6010416666666667 0.23333333333333334 0.5979166666666667 0.2388888888888889 0.6125 0.22962962962962963 0.6114583333333333 0.22777777777777777 0.6177083333333333 0.21666666666666667 0.6083333333333333 0.21481481481481482 0.6125 0.20925925925925926 0.6125 0.2074074074074074 0.6010416666666667 0.19074074074074074 0.6041666666666666 0.18703703703703703 0.596875 0.1685185185185185 0.596875 0.1537037037037037 0.615625 0.16111111111111112 0.6229166666666667 0.17222222222222222 0.6229166666666667 0.17407407407407408 0.628125 0.16666666666666666 0.6291666666666667 0.16666666666666666 0.6333333333333333 0.17222222222222222 0.6333333333333333 0.17777777777777778 0.6395833333333333 0.17037037037037037 0.640625 0.16296296296296298 0.6489583333333333 0.1537037037037037 0.64375 0.1574074074074074 0.65 0.15555555555555556 0.653125 0.15185185185185185 0.6510416666666666 0.14629629629629629 0.6625 0.1425925925925926 0.6635416666666667 0.13518518518518519 0.65625 0.13148148148148148 0.6583333333333333 0.12222222222222222 0.6552083333333333 0.13148148148148148 0.6645833333333333 0.13333333333333333 0.6822916666666666 0.12407407407407407 0.6854166666666667 0.11481481481481481 0.696875 0.10185185185185185 0.6989583333333333 0.08703703703703704 0.7072916666666667 0.07222222222222222 0.7260416666666667
0 0.07592592592592592 0.7333333333333333 0.07407407407407407 0.7375 0.07777777777777778 0.73125 0.07592592592592592 0.7333333333333333
0 0.10555555555555556 0.7052083333333333 0.10555555555555556 0.7083333333333334 0.10555555555555556 0.7052083333333333
0 0.26296296296296295 0.65 0.2611111111111111 0.6541666666666667 0.26296296296296295 0.65
0 0.2851851851851852 0.634375 0.2851851851851852 0.640625 0.2851851851851852 0.634375
0 0.5518518518518518 0.6333333333333333 0.5481481481481482 0.6395833333333333 0.5518518518518518 0.6333333333333333
0 0.5555555555555556 0.6229166666666667 0.5462962962962963 0.6229166666666667 0.5518518518518518 0.628125 0.5611111111111111 0.6260416666666667 0.5555555555555556 0.6229166666666667
0 0.2740740740740741 0.6229166666666667 0 0
0 0.4425925925925926 0.6125 0.4425925925925926 0.621875 0.4425925925925926 0.6125
0 0.42962962962962964 0.609375 0.42777777777777776 0.6114583333333333 0.42962962962962964 0.609375
0 0.09074074074074075 0.7270833333333333 0.08888888888888889 0.7364583333333333 0.09444444444444444 0.740625 0.07777777777777778 0.7489583333333333 0.07777777777777778 0.7541666666666667 0.08518518518518518 0.7614583333333333 0.09259259259259259 0.746875 0.1 0.7427083333333333 0.1037037037037037 0.7458333333333333 0.10925925925925926 0.7385416666666667 0.11666666666666667 0.7416666666666667 0.12407407407407407 0.7583333333333333 0.14444444444444443 0.7708333333333334 0.11851851851851852 0.775 0.1111111111111111 0.7854166666666667 0.18703703703703703 0.85625 0.2 0.859375 0.21296296296296297 0.8552083333333333 0.2351851851851852 0.8552083333333333 0.2462962962962963 0.8625 0.26296296296296295 0.8583333333333333 0.2962962962962963 0.8604166666666667 0.32407407407407407 0.86875 0.4074074074074074 0.88125 0.42592592592592593 0.8875 0.48148148148148145 0.8958333333333334 0.5962962962962963 0.9208333333333333 0.6148148148148148 0.9197916666666667 0.6592592592592592 0.928125 0.6703703703703704 0.925 0.6888888888888889 0.928125 0.6925925925925925 0.925 0.7074074074074074 0.928125 0.7296296296296296 0.925 0.75 0.93125 0.7555555555555555 0.9270833333333334 0.7648148148148148 0.9270833333333334 0.7666666666666667 0.921875 0.7759259259259259 0.91875 0.7962962962962963 0.9166666666666666 0.8203703703703704 0.9208333333333333 0.8222222222222222 0.9125 0.8481481481481481 0.9072916666666667 0.8685185185185185 0.890625 0.8944444444444445 0.9041666666666667 0.8981481481481481 0.9020833333333333 0.8888888888888888 0.8989583333333333 0.8981481481481481 0.8958333333333334 0.8907407407407407 0.8791666666666667 0.8925925925925926 0.859375 0.9037037037037037 0.859375 0.9185185185185185 0.8489583333333334 0.9425925925925925 0.85 0.9555555555555556 0.8302083333333333 0.987037037037037 0.8302083333333333 0.9907407407407407 0.8270833333333333 0.9925925925925926 0.75625 0.987037037037037 0.7208333333333333 0.9462962962962963 0.7145833333333333 0.9296296296296296 0.70625 0.8870370370370371 0.6958333333333333 0.7851851851851852 0.6770833333333334 0.674074074074074 0.6677083333333333 0.65 0.6802083333333333 0.5944444444444444 0.6552083333333333 0.5777777777777777 0.65625 0.5703703703703704 0.6625 0.5555555555555556 0.6666666666666666 0.5444444444444444 0.6583333333333333 0.5444444444444444 0.6489583333333333 0.5388888888888889 0.646875 0.5425925925925926 0.6447916666666667 0.5314814814814814 0.64375 0.5388888888888889 0.6333333333333333 0.5277777777777778 0.6333333333333333 0.5203703703703704 0.6447916666666667 0.5018518518518519 0.6552083333333333 0.5 0.6489583333333333 0.4925925925925926 0.6489583333333333 0.5 0.64375 0.49444444444444446 0.6395833333333333 0.5018518518518519 0.6375 0.5018518518518519 0.6333333333333333 0.49444444444444446 0.6333333333333333 0.49074074074074076 0.65 0.4740740740740741 0.646875 0.4740740740740741 0.6322916666666667 0.46296296296296297 0.6302083333333334 0.45925925925925926 0.6177083333333333 0.45185185185185184 0.61875 0.44074074074074077 0.6354166666666666 0.4425925925925926 0.6416666666666667 0.43148148148148147 0.6489583333333333 0.4166666666666667 0.6489583333333333 0.4074074074074074 0.6291666666666667 0.4148148148148148 0.6197916666666666 0.4111111111111111 0.615625 0.4203703703703704 0.6114583333333333 0.4074074074074074 0.6052083333333333 0.37962962962962965 0.6114583333333333 0.3611111111111111 0.6052083333333333 0.3648148148148148 0.6125 0.35555555555555557 0.609375 0.3537037037037037 0.6114583333333333 0.35185185185185186 0.6395833333333333 0.32407407407407407 0.6604166666666667 0.31666666666666665 0.6552083333333333 0.31666666666666665 0.6479166666666667 0.3055555555555556 0.6510416666666666 0.3 0.6489583333333333 0.29814814814814816 0.6552083333333333 0.28703703703703703 0.6520833333333333 0.29259259259259257 0.6604166666666667 0.2759259259259259 0.6677083333333333 0.2759259259259259 0.671875 0.2611111111111111 0.6770833333333334 0.2574074074074074 0.671875 0.2574074074074074 0.675 0.24444444444444444 0.678125 0.22962962962962963 0.6885416666666667 0.2222222222222222 0.6854166666666667 0.20555555555555555 0.6927083333333334 0.19814814814814816 0.6875 0.2037037037037037 0.684375 0.19074074074074074 0.6822916666666666 0.17962962962962964 0.6895833333333333 0.14629629629629629 0.6916666666666667 0.14444444444444443 0.7 0.13333333333333333 0.703125 0.13703703703703704 0.709375 0.12222222222222222 0.7135416666666666 0.10555555555555556 0.7104166666666667 0.1037037037037037 0.725 0.09074074074074075 0.7270833333333333
0 0.3055555555555556 0.5979166666666667 0.30185185185185187 0.5989583333333334 0.3055555555555556 0.5979166666666667
0 0.37962962962962965 0.4010416666666667 0.37592592592592594 0.4083333333333333 0.3962962962962963 0.4114583333333333 0.45925925925925926 0.4114583333333333 0.4666666666666667 0.41458333333333336 0.4722222222222222 0.41041666666666665 0.47716111111111104 0.41458333333333336 0.5481481481481482 0.4166666666666667 0.5833333333333334 0.41458333333333336 0.5944444444444444 0.4041666666666667 0.6703703703703704 0.36666666666666664 0.8111111111111111 0.28541666666666665 0.7814814814814814 0.275 0.75 0.27395833333333336 0.7111111111111111 0.2791666666666667 0.6611111111111111 0.29791666666666666 0.5944444444444444 0.303125 0.5481481481481482 0.3125 0.47962962962962963 0.33541666666666664 0.4388888888888889 0.3541666666666667 0.39444444444444443 0.38333333333333336 0.37962962962962965 0.4010416666666667