0 0.7574074074074074 0.7322916666666667 0.7537037037037037 0.740625 0.7611111111111111 0.7479166666666667 0.8018518518518518 0.76875 0.8314814814814815 0.7989583333333333 0.85 0.8041666666666667 0.8611111111111112 0.8208333333333333 0.8851851851851852 0.8333333333333334 0.9055555555555556 0.8552083333333333 0.9333333333333333 0.8729166666666667 0.95 0.8895833333333333 0.9851851851851852 0.9020833333333333 0.9925925925925926 0.8979166666666667 0.9944444444444445 0.8833333333333333 0.9907407407407407 0.7822916666666667 0.8888888888888888 0.75 0.8351851851851851 0.7395833333333334 0.8037037037037037 0.7385416666666667 0.7888888888888889 0.7333333333333333 0.7574074074074074 0.7322916666666667
0 0.32037037037037036 0.9979166666666667 0.30185185185185187 0.9989583333333333 0.32037037037037036 0.9979166666666667
0 0.987037037037037 0.8895833333333333 0.9833333333333333 0.8927083333333333 0.987037037037037 0.8895833333333333
0 0.001851851851851852 0.8260416666666667 0 0.9395833333333333 0.007407407407407408 0.9447916666666667 0.025925925925925925 0.94375 0.04259259259259259 0.9520833333333333 0.05 0.9479166666666666 0.06296296296296296 0.9489583333333333 0.07222222222222222 0.9458333333333333 0.1111111111111111 0.9666666666666667 0.1388888888888889 0.975 0.1425925925925926 0.9697916666666667 0.12222222222222222 0.940625 0.022222222222222223 0.8354166666666667 0.007407407407407408 0.8229166666666666 0.001851851851851852 0.8260416666666667
0 0.07037037037037037 0.8166666666666667 0.06666666666666667 0.8208333333333333 0.07037037037037037 0.8166666666666667
0 0.12962962962962962 0.7427083333333333 0.12777777777777777 0.7479166666666667 0.1388888888888889 0.7635416666666667 0.37222222222222223 0.9989583333333333 0.65 0.9989583333333333 0.662962962962963 0.9958333333333333 0.6833333333333333 0.9958333333333333 0.6888888888888889 0.9989583333333333 0.7814814814814814 0.9989583333333333 0.7888888888888889 0.9947916666666666 0.8092592592592592 0.9947916666666666 0.8203703703703704 0.9989583333333333 0.8240740740740741 0.9958333333333333 0.8444444444444444 0.9947916666666666 0.8518518518518519 0.9854166666666667 0.8796296296296297 0.9739583333333334 0.8925925925925926 0.959375 0.9 0.95625 0.9092592592592592 0.9572916666666667 0.924074074074074 0.946875 0.9314814814814815 0.9489583333333333 0.9425925925925925 0.9458333333333333 0.9722222222222222 0.9197916666666667 0.9703703703703703 0.8885416666666667 0.9777777777777777 0.8770833333333333 0.9777777777777777 0.853125 0.9907407407407407 0.8145833333333333 0.9888888888888889 0.8 0.9740740740740741 0.7791666666666667 0.9462962962962963 0.7739583333333333 0.9333333333333333 0.7645833333333333 0.9 0.7645833333333333 0.8870370370370371 0.7552083333333334 0.8759259259259259 0.759375 0.8685185185185185 0.7541666666666667 0.8648148148148148 0.759375 0.8537037037037037 0.7604166666666666 0.8425925925925926 0.7572916666666667 0.8462962962962963 0.7510416666666667 0.837037037037037 0.7489583333333333 0.8296296296296296 0.7510416666666667 0.8314814814814815 0.7552083333333334 0.8222222222222222 0.7572916666666667 0.8055555555555556 0.7395833333333334 0.7981481481481482 0.74375 0.7907407407407407 0.7375 0.7648148148148148 0.7375 0.7574074074074074 0.7333333333333333 0.75 0.7354166666666667 0.7129629629629629 0.728125 0.6944444444444444 0.7197916666666667 0.6722222222222223 0.7177083333333333 0.6592592592592592 0.709375 0.6592592592592592 0.7020833333333333 0.6481481481481481 0.6979166666666666 0.6462962962962963 0.6916666666666667 0.6296296296296297 0.6822916666666666 0.6240740740740741 0.6677083333333333 0.5777777777777777 0.6125 0.5574074074074075 0.6010416666666667 0.5351851851851852 0.6302083333333334 0.47962962962962963 0.7708333333333334 0.4685185185185185 0.784375 0.45 0.7854166666666667 0.3925925925925926 0.7791666666666667 0.3277777777777778 0.7614583333333333 0.28888888888888886 0.7625 0.26481481481481484 0.7520833333333333 0.22962962962962963 0.7458333333333333 0.17222222222222222 0.7479166666666667 0.15185185185185185 0.7395833333333334 0.12962962962962962 0.7427083333333333
0 0.30185185185185187 0.503125 0.29814814814814816 0.5166666666666667 0.28888888888888886 0.525 0.29814814814814816 0.5291666666666667 0.3907407407407407 0.5354166666666667 0.4462962962962963 0.5427083333333333 0.4703703703703704 0.5416666666666666 0.5037037037037037 0.546875 0.5555555555555556 0.546875 0.6814814814814815 0.4083333333333333 0.7851851851851852 0.28125 0.8240740740740741 0.240625 0.837037037037037 0.21875 0.8203703703703704 0.21354166666666666 0.7888888888888889 0.21770833333333334 0.7870370370370371 0.21354166666666666 0.7703703703703704 0.2125 0.725925925925926 0.21979166666666666 0.6925925925925925 0.21458333333333332 0.6851851851851852 0.22708333333333333 0.6703703703703704 0.234375 0.6555555555555556 0.234375 0.65 0.23020833333333332 0.6296296296296297 0.22708333333333333 0.6074074074074074 0.23541666666666666 0.5888888888888889 0.25833333333333336 0.5574074074074075 0.28541666666666665 0.5574074074074075 0.29270833333333335 0.512962962962963 0.32083333333333336 0.5037037037037037 0.328125 0.5055555555555555 0.33125 0.49444444444444446 0.33541666666666664 0.4925925925925926 0.3458333333333333 0.47962962962962963 0.35833333333333334 0.4425925925925926 0.3770833333333333 0.4388888888888889 0.39375 0.42592592592592593 0.396875 0.40925925925925927 0.41458333333333336 0.37407407407407406 0.4354166666666667 0.3648148148148148 0.459375 0.3537037037037037 0.465625 0.34814814814814815 0.47708333333333336 0.31851851851851853 0.490625 0.30185185185185187 0.503125
0 0.9833333333333333 0.8854166666666666 0.987037037037037 0.8947916666666667 0.9833333333333333 0.8854166666666666
0 0.001851851851851852 0.8385416666666666 0.005555555555555556 0.846875 0 0.853125 0 0.878125 0.009259259259259259 0.9145833333333333 0.007407407407407408 0.9333333333333333 0.020370370370370372 0.9427083333333334 0.027777777777777776 0.9385416666666667 0.03518518518518519 0.946875 0.046296296296296294 0.9416666666666667 0.05185185185185185 0.9447916666666667 0.06851851851851852 0.9354166666666667 0.08703703703703704 0.9520833333333333 0.1259259259259259 0.9697916666666667 0.13333333333333333 0.959375 0.12222222222222222 0.9427083333333334 0.06481481481481481 0.8885416666666667 0.046296296296296294 0.8625 0.022222222222222223 0.8395833333333333 0.016666666666666666 0.8395833333333333 0.007407407407407408 0.83125 0.001851851851851852 0.8385416666666666
0 0.13148148148148148 0.74375 0.12962962962962962 0.7510416666666667 0.14074074074074075 0.7645833333333333 0.37222222222222223 0.9989583333333333 0.42962962962962964 0.9989583333333333 0.45185185185185184 0.9947916666666666 0.4666666666666667 0.9989583333333333 0.6462962962962963 0.9989583333333333 0.6611111111111111 0.9947916666666666 0.7055555555555556 0.9989583333333333 0.7685185185185185 0.9989583333333333 0.7833333333333333 0.996875 0.7851851851851852 0.9895833333333334 0.7944444444444444 0.9875 0.8018518518518518 0.9947916666666666 0.8203703703703704 0.9989583333333333 0.8240740740740741 0.9958333333333333 0.8444444444444444 0.9947916666666666 0.8555555555555555 0.9833333333333333 0.8685185185185185 0.98125 0.8814814814814815 0.9739583333333334 0.8944444444444445 0.9604166666666667 0.9111111111111111 0.959375 0.9259259259259259 0.9479166666666666 0.9407407407407408 0.9489583333333333 0.9537037037037037 0.934375 0.9722222222222222 0.925 0.9740740740740741 0.9 0.9666666666666667 0.8916666666666667 0.9537037037037037 0.890625 0.95 0.8729166666666667 0.9629629629629629 0.86875 0.9722222222222222 0.8760416666666667 0.9777777777777777 0.8635416666666667 0.9907407407407407 0.8072916666666666 0.975925925925926 0.7791666666666667 0.9481481481481482 0.7729166666666667 0.9277777777777778 0.7625 0.9074074074074074 0.7614583333333333 0.8981481481481481 0.7645833333333333 0.8888888888888888 0.7541666666666667 0.8759259259259259 0.7520833333333333 0.8648148148148148 0.7604166666666666 0.8666666666666667 0.76875 0.8611111111111112 0.771875 0.8518518518518519 0.7708333333333334 0.8481481481481481 0.7614583333333333 0.8388888888888889 0.7614583333333333 0.8407407407407408 0.7489583333333333 0.8185185185185185 0.753125 0.8092592592592592 0.7375 0.8 0.7416666666666667 0.7925925925925926 0.7375 0.7722222222222223 0.7385416666666667 0.7574074074074074 0.7333333333333333 0.7481481481481481 0.734375 0.7148148148148148 0.728125 0.6944444444444444 0.7197916666666667 0.674074074074074 0.71875 0.6611111111111111 0.7125 0.6462962962962963 0.6927083333333334 0.6259259259259259 0.6802083333333333 0.6222222222222222 0.6666666666666666 0.6092592592592593 0.6604166666666667 0.6018518518518519 0.640625 0.5851851851851851 0.6302083333333334 0.5685185185185185 0.6114583333333333 0.5574074074074075 0.6104166666666667 0.55 0.615625 0.5296296296296297 0.646875 0.48148148148148145 0.76875 0.4666666666666667 0.7854166666666667 0.3925925925925926 0.7791666666666667 0.3574074074074074 0.7677083333333333 0.32407407407407407 0.7614583333333333 0.28703703703703703 0.7625 0.2722222222222222 0.7552083333333334 0.23333333333333334 0.746875 0.1648148148148148 0.7479166666666667 0.14629629629629629 0.740625 0.13148148148148148 0.74375
0 0.29814814814814816 0.5020833333333333 0.2833333333333333 0.525 0.2833333333333333 0.5291666666666667 0.2962962962962963 0.5322916666666667 0.512962962962963 0.5489583333333333 0.5555555555555556 0.5489583333333333 0.7518518518518519 0.3302083333333333 0.8518518518518519 0.20520833333333333 0.8277777777777777 0.19791666666666666 0.8 0.19583333333333333 0.7833333333333333 0.19583333333333333 0.7777777777777778 0.19895833333333332 0.7203703703703703 0.19895833333333332 0.6907407407407408 0.209375 0.6833333333333333 0.21770833333333334 0.6685185185185185 0.22395833333333334 0.6222222222222222 0.22395833333333334 0.6074074074074074 0.22708333333333333 0.5462962962962963 0.29270833333333335 0.49074074074074076 0.328125 0.4777777777777778 0.353125 0.43333333333333335 0.37916666666666665 0.40925925925925927 0.4114583333333333 0.37037037037037035 0.4322916666666667 0.3425925925925926 0.47291666666666665 0.29814814814814816 0.5020833333333333