0 0.575925925925926 0.5677083333333334 0.5777777777777777 0.6302083333333334 0.5925925925925926 0.6583333333333333 0.6111111111111112 0.6447916666666667 0.6129629629629629 0.6302083333333334 0.5925925925925926 0.5739583333333333 0.5814814814814815 0.5604166666666667 0.575925925925926 0.5677083333333334
0 0.3074074074074074 0.46145833333333336 0.3037037037037037 0.4666666666666667 0.30925925925925923 0.46875 0.387037037037037 0.47291666666666665 0.5296296296296297 0.478125 0.5648148148148148 0.47291666666666665 0.5796296296296296 0.459375 0.7888888888888889 0.31875 0.8018518518518518 0.303125 0.7703703703703704 0.3 0.7425925925925926 0.29270833333333335 0.687037037037037 0.2989583333333333 0.6092592592592593 0.32916666666666666 0.5 0.35208333333333336 0.42592592592592593 0.38333333333333336 0.3074074074074074 0.46145833333333336
0 0.13703703703703704 0.6510416666666666 0.1388888888888889 0.6864583333333333 0.15 0.7020833333333333 0.14629629629629629 0.7177083333333333 0.1425925925925926 0.7239583333333334 0.11666666666666667 0.7354166666666667 0.08888888888888889 0.75625 0.07037037037037037 0.7614583333333333 0.06666666666666667 0.7697916666666667 0.11296296296296296 0.8177083333333334 0.13333333333333333 0.8322916666666667 0.14444444444444443 0.834375 0.15555555555555556 0.85625 0.22777777777777777 0.9208333333333333 0.23703703703703705 0.921875 0.2574074074074074 0.9114583333333334 0.26666666666666666 0.9104166666666667 0.32592592592592595 0.921875 0.35185185185185186 0.921875 0.3814814814814815 0.93125 0.5425925925925926 0.9572916666666667 0.5814814814814815 0.96875 0.6240740740740741 0.96875 0.6703703703703704 0.9854166666666667 0.6814814814814815 0.98125 0.7037037037037037 0.990625 0.7092592592592593 0.990625 0.7203703703703703 0.9802083333333333 0.737037037037037 0.978125 0.7574074074074074 0.984375 0.7685185185185185 0.9739583333333334 0.7648148148148148 0.9697916666666667 0.7796296296296297 0.965625 0.8 0.9822916666666667 0.812962962962963 0.98125 0.8166666666666667 0.975 0.825925925925926 0.9760416666666667 0.8333333333333334 0.9895833333333334 0.8481481481481481 0.9625 0.8722222222222222 0.9416666666666667 0.8777777777777778 0.928125 0.8925925925925926 0.9229166666666667 0.9055555555555556 0.9260416666666667 0.9111111111111111 0.91875 0.9166666666666666 0.921875 0.912962962962963 0.9197916666666667 0.9185185185185185 0.9166666666666666 0.9203703703703704 0.9 0.9333333333333333 0.8979166666666667 0.9444444444444444 0.9010416666666666 0.9592592592592593 0.8958333333333334 0.9592592592592593 0.8864583333333333 0.9648148148148148 0.8822916666666667 0.987037037037037 0.88125 0.9925925925925926 0.8645833333333334 0.9944444444444445 0.7989583333333333 0.9907407407407407 0.7697916666666667 0.9740740740740741 0.7604166666666666 0.9425925925925925 0.75625 0.9259259259259259 0.7479166666666667 0.8722222222222222 0.7364583333333333 0.7703703703703704 0.71875 0.6796296296296296 0.7125 0.662962962962963 0.7239583333333334 0.6518518518518519 0.725 0.6259259259259259 0.7072916666666667 0.5833333333333334 0.6875 0.5277777777777778 0.684375 0.4759259259259259 0.6729166666666667 0.45185185185185184 0.6697916666666667 0.42777777777777776 0.6729166666666667 0.4 0.6645833333333333 0.37037037037037035 0.6604166666666667 0.3148148148148148 0.6645833333333333 0.28703703703703703 0.659375 0.2574074074074074 0.6489583333333333 0.22592592592592592 0.6447916666666667 0.1925925925925926 0.6458333333333334 0.17407407407407408 0.6416666666666667 0.15185185185185185 0.6416666666666667 0.13703703703703704 0.6510416666666666
0 0.3277777777777778 0.44895833333333335 0.31296296296296294 0.4666666666666667 0.5203703703703704 0.47604166666666664 0.5611111111111111 0.471875 0.7925925925925926 0.31354166666666666 0.7962962962962963 0.30416666666666664 0.7722222222222223 0.303125 0.7481481481481481 0.29583333333333334 0.7222222222222222 0.29583333333333334 0.7129629629629629 0.3 0.6777777777777778 0.303125 0.6296296296296297 0.3260416666666667 0.6259259259259259 0.325 0.6222222222222222 0.3302083333333333 0.6185185185185185 0.328125 0.6037037037037037 0.334375 0.5703703703703704 0.3375 0.5555555555555556 0.34479166666666666 0.5351851851851852 0.34479166666666666 0.48518518518518516 0.359375 0.4 0.4010416666666667 0.37037037037037035 0.42604166666666665 0.3277777777777778 0.44895833333333335
0 0.19444444444444445 0.6947916666666667 0 0
0 0.20555555555555555 0.6645833333333333 0.20925925925925926 0.6697916666666667 0.20555555555555555 0.6645833333333333
0 0.06851851851851852 0.7645833333333333 0.07037037037037037 0.775 0.11666666666666667 0.8197916666666667 0.13333333333333333 0.83125 0.15925925925925927 0.8385416666666666 0.22407407407407406 0.828125 0.25 0.828125 0.2759259259259259 0.8229166666666666 0.29814814814814816 0.8239583333333333 0.32407407407407407 0.81875 0.35185185185185186 0.8208333333333333 0.362962962962963 0.8177083333333334 0.3907407407407407 0.81875 0.4425925925925926 0.8135416666666667 0.5351851851851852 0.8104166666666667 0.575925925925926 0.8135416666666667 0.5981481481481481 0.8104166666666667 0.6648148148148149 0.8135416666666667 0.6962962962962963 0.8114583333333333 0.7462962962962963 0.8229166666666666 0.7814814814814814 0.8427083333333333 0.8407407407407408 0.8635416666666667 0.8870370370370371 0.8875 0.9018518518518519 0.9 0.9333333333333333 0.8927083333333333 0.9425925925925925 0.896875 0.9629629629629629 0.878125 0.9777777777777777 0.8791666666666667 0.9888888888888889 0.8760416666666667 0.9944444444444445 0.8 0.9888888888888889 0.7677083333333333 0.9796296296296296 0.7625 0.9444444444444444 0.75625 0.9185185185185185 0.7458333333333333 0.7703703703703704 0.71875 0.6814814814814815 0.7125 0.6648148148148149 0.7239583333333334 0.6518518518518519 0.725 0.6240740740740741 0.70625 0.6 0.7 0.5833333333333334 0.6885416666666667 0.5277777777777778 0.684375 0.4703703703703704 0.671875 0.43333333333333335 0.6729166666666667 0.37037037037037035 0.6614583333333334 0.3037037037037037 0.6645833333333333 0.2611111111111111 0.6510416666666666 0.26296296296296295 0.659375 0.2518518518518518 0.6604166666666667 0.24074074074074073 0.6572916666666667 0.24074074074074073 0.65 0.22962962962962963 0.6729166666666667 0.24074074074074073 0.6802083333333333 0.23333333333333334 0.6833333333333333 0.24444444444444444 0.69375 0.23703703703703705 0.6989583333333333 0.24074074074074073 0.709375 0.22962962962962963 0.709375 0.21481481481481482 0.715625 0.20925925925925926 0.7125 0.19814814814814816 0.7135416666666666 0.17777777777777778 0.7052083333333333 0.17222222222222222 0.7114583333333333 0.1648148148148148 0.7114583333333333 0.1574074074074074 0.7166666666666667 0.1537037037037037 0.7145833333333333 0.1425925925925926 0.725 0.06851851851851852 0.7645833333333333
0 0.18888888888888888 0.646875 0.18888888888888888 0.6604166666666667 0.20555555555555555 0.6520833333333333 0.21666666666666667 0.6604166666666667 0.2222222222222222 0.659375 0.22777777777777777 0.646875 0.18888888888888888 0.646875
0 0.7481481481481481 0.9927083333333333 0.7462962962962963 0.9947916666666666 0.7481481481481481 0.9927083333333333
0 0.6685185185185185 0.9927083333333333 0.6648148148148149 0.9947916666666666 0.6722222222222223 0.99375 0.6685185185185185 0.9927083333333333
0 0.8759259259259259 0.990625 0.8703703703703703 0.9947916666666666 0.8944444444444445 0.9958333333333333 0.8870370370370371 0.9875 0.8833333333333333 0.9927083333333333 0.8759259259259259 0.990625
0 0.9018518518518519 0.971875 0.9037037037037037 0.9760416666666667 0.9018518518518519 0.971875
0 0.8888888888888888 0.9697916666666667 0.8870370370370371 0.9760416666666667 0.8888888888888888 0.9697916666666667
0 0.9518518518518518 0.9427083333333334 0.9481481481481482 0.9458333333333333 0.9629629629629629 0.9458333333333333 0.9518518518518518 0.9427083333333334
0 0.21851851851851853 0.70625 0.21666666666666667 0.7104166666666667 0.21851851851851853 0.70625
0 0.19444444444444445 0.6927083333333334 0.1925925925925926 0.696875 0.19444444444444445 0.6927083333333334
0 0.23148148148148148 0.6635416666666667 0.22962962962962963 0.6666666666666666 0.23148148148148148 0.6635416666666667
0 0.07037037037037037 0.7614583333333333 0.06666666666666667 0.7697916666666667 0.08518518518518518 0.790625 0.12962962962962962 0.8302083333333333 0.15185185185185185 0.834375 0.14629629629629629 0.84375 0.1537037037037037 0.853125 0.23148148148148148 0.925 0.2611111111111111 0.9104166666666667 0.32407407407407407 0.9208333333333333 0.34629629629629627 0.9197916666666667 0.37962962962962965 0.93125 0.4 0.93125 0.45185185185185184 0.94375 0.4722222222222222 0.9427083333333334 0.48518518518518516 0.9489583333333333 0.5259259259259259 0.95625 0.5444444444444444 0.9552083333333333 0.5703703703703704 0.9666666666666667 0.6277777777777778 0.9677083333333333 0.6425925925925926 0.9802083333333333 0.6666666666666666 0.9822916666666667 0.6703703703703704 0.9875 0.6777777777777778 0.9854166666666667 0.6777777777777778 0.99375 0.7074074074074074 0.9927083333333333 0.7222222222222222 0.9791666666666666 0.7444444444444445 0.9791666666666666 0.7481481481481481 0.9875 0.75 0.9833333333333333 0.7685185185185185 0.98125 0.774074074074074 0.9729166666666667 0.7833333333333333 0.9739583333333334 0.8018518518518518 0.9875 0.8055555555555556 0.9822916666666667 0.8111111111111111 0.9854166666666667 0.8166666666666667 0.98125 0.825925925925926 0.9822916666666667 0.8351851851851851 0.99375 0.8425925925925926 0.9770833333333333 0.8629629629629629 0.95625 0.8648148148148148 0.9427083333333334 0.8685185185185185 0.9416666666666667 0.9 0.9604166666666667 0.9092592592592592 0.9604166666666667 0.8981481481481481 0.9552083333333333 0.8944444444444445 0.9479166666666666 0.9037037037037037 0.9458333333333333 0.9092592592592592 0.9526041666666667 0.912962962962963 0.9447916666666667 0.9259259259259259 0.9458333333333333 0.9259259259259259 0.9010416666666666 0.9333333333333333 0.9 0.9425925925925925 0.9052083333333333 0.9611111111111111 0.8989583333333333 0.9629629629629629 0.8864583333333333 0.9703703703703703 0.8822916666666667 0.9796296296296296 0.8864583333333333 0.9888888888888889 0.8833333333333333 0.9944444444444445 0.85625 0.9944444444444445 0.7989583333333333 0.9907407407407407 0.76875 0.9814814814814815 0.7625 0.9444444444444444 0.75625 0.9185185185185185 0.7458333333333333 0.7814814814814814 0.7197916666666667 0.6814814814814815 0.7114583333333333 0.6648148148148149 0.7229166666666667 0.6518518518518519 0.725 0.6259259259259259 0.7072916666666667 0.6 0.7 0.5814814814814815 0.6885416666666667 0.5259259259259259 0.684375 0.4722222222222222 0.6729166666666667 0.42777777777777776 0.6729166666666667 0.39814814814814814 0.6645833333333333 0.37592592592592594 0.6625 0.3074074074074074 0.6645833333333333 0.25925925925925924 0.6510416666666666 0.24074074074074073 0.65 0.2351851851851852 0.6614583333333334 0.24259259259259258 0.671875 0.22962962962962963 0.6697916666666667 0.22777777777777777 0.6729166666666667 0.24074074074074073 0.6895833333333333 0.22962962962962963 0.70625 0.2222222222222222 0.70625 0.2222222222222222 0.7145833333333333 0.21851851851851853 0.7166666666666667 0.2074074074074074 0.7114583333333333 0.19074074074074074 0.7114583333333333 0.1814814814814815 0.70625 0.18518518518518517 0.7104166666666667 0.17407407407407408 0.715625 0.16666666666666666 0.7114583333333333 0.1574074074074074 0.715625 0.1537037037037037 0.7135416666666666 0.14444444444444443 0.725 0.11666666666666667 0.7375 0.0962962962962963 0.753125 0.08518518518518518 0.759375 0.07037037037037037 0.7614583333333333
0 0.21481481481481482 0.646875 0.21296296296296297 0.6552083333333333 0.2222222222222222 0.6572916666666667 0.22592592592592592 0.646875 0.21481481481481482 0.646875
0 0.18888888888888888 0.646875 0.18888888888888888 0.659375 0.2037037037037037 0.65 0.20185185185185187 0.646875 0.18888888888888888 0.646875
0 0.17962962962962964 0.64375 0 0
0 0.3055555555555556 0.4635416666666667 0.3037037037037037 0.4666666666666667 0.32222222222222224 0.46979166666666666 0.4740740740740741 0.47604166666666664 0.5462962962962963 0.47708333333333336 0.562962962962963 0.47291666666666665 0.7888888888888889 0.31875 0.8 0.30833333333333335 0.8 0.3020833333333333 0.7685185185185185 0.3 0.7407407407407407 0.29270833333333335 0.687037037037037 0.2989583333333333 0.6092592592592593 0.32916666666666666 0.5 0.35208333333333336 0.42777777777777776 0.38229166666666664 0.3055555555555556 0.4635416666666667
0 0.15 0.84375 0.14629629629629629 0.8458333333333333 0.1537037037037037 0.8583333333333333 0.22037037037037038 0.9135416666666667 0.26851851851851855 0.9104166666666667 0.2777777777777778 0.915625 0.34814814814814815 0.9239583333333333 0.37962962962962965 0.9322916666666666 0.5481481481481482 0.9614583333333333 0.5796296296296296 0.9708333333333333 0.6259259259259259 0.9739583333333334 0.6537037037037037 0.9677083333333333 0.6611111111111111 0.9770833333333333 0.6907407407407408 0.9770833333333333 0.7018518518518518 0.984375 0.7388888888888889 0.978125 0.7481481481481481 0.9822916666666667 0.7611111111111111 0.978125 0.7648148148148148 0.9802083333333333 0.7759259259259259 0.9677083333333333 0.7962962962962963 0.9666666666666667 0.8074074074074075 0.96875 0.812962962962963 0.975 0.8333333333333334 0.975 0.8425925925925926 0.9614583333333333 0.8703703703703703 0.946875 0.8944444444444445 0.9145833333333333 0.8907407407407407 0.896875 0.8629629629629629 0.8833333333333333 0.8462962962962963 0.8697916666666666 0.7759259259259259 0.84375 0.7518518518518519 0.8291666666666667 0.7 0.815625 0.6129629629629629 0.8135416666666667 0.5740740740740741 0.8166666666666667 0.5370370370370371 0.8135416666666667 0.3907407407407407 0.8229166666666666 0.3611111111111111 0.8208333333333333 0.34814814814814815 0.8239583333333333 0.32222222222222224 0.8229166666666666 0.3055555555555556 0.8270833333333333 0.2759259259259259 0.8270833333333333 0.24074074074074073 0.8333333333333334 0.20925925925925926 0.834375 0.16666666666666666 0.84375 0.15 0.84375