0 0.13518518518518519 0.6677083333333333 0.13518518518518519 0.684375 0.14444444444444443 0.69375 0.14629629629629629 0.7166666666666667 0.13333333333333333 0.7229166666666667 0.11296296296296296 0.7572916666666667 0.09814814814814815 0.7625 0.09259259259259259 0.7729166666666667 0.1537037037037037 0.8333333333333334 0.17222222222222222 0.8489583333333334 0.18333333333333332 0.853125 0.22037037037037038 0.8520833333333333 0.26851851851851855 0.84375 0.2851851851851852 0.846875 0.337037037037037 0.8395833333333333 0.40370370370370373 0.840625 0.42777777777777776 0.8354166666666667 0.45185185185185184 0.8364583333333333 0.4666666666666667 0.8322916666666667 0.5407407407407407 0.834375 0.6388888888888888 0.8291666666666667 0.6851851851851852 0.8322916666666667 0.7074074074074074 0.828125 0.75 0.8354166666666667 0.7907407407407407 0.859375 0.8388888888888889 0.875 0.8648148148148148 0.8916666666666667 0.9 0.9052083333333333 0.9166666666666666 0.915625 0.9296296296296296 0.9114583333333334 0.9425925925925925 0.9010416666666666 0.987037037037037 0.89375 0.9833333333333333 0.8885416666666667 0.9907407407407407 0.8822916666666667 0.9925925925925926 0.871875 0.9925925925925926 0.7864583333333334 0.9777777777777777 0.775 0.9555555555555556 0.7729166666666667 0.9314814814814815 0.7625 0.8037037037037037 0.7375 0.7444444444444445 0.73125 0.6944444444444444 0.7302083333333333 0.6685185185185185 0.740625 0.6425925925925926 0.7229166666666667 0.6296296296296297 0.721875 0.6092592592592593 0.7114583333333333 0.5314814814814814 0.7052083333333333 0.4981481481481482 0.6947916666666667 0.43703703703703706 0.6927083333333334 0.387037037037037 0.6822916666666666 0.31296296296296294 0.684375 0.23333333333333334 0.6645833333333333 0.20185185185185187 0.6677083333333333 0.16296296296296298 0.6625 0.13518518518518519 0.6677083333333333
0 0.5851851851851851 0.5729166666666666 0.587037037037037 0.6489583333333333 0.5944444444444444 0.6760416666666667 0.6018518518518519 0.6833333333333333 0.6185185185185185 0.6677083333333333 0.6203703703703703 0.6489583333333333 0.6 0.6052083333333333 0.5981481481481481 0.5875 0.5907407407407408 0.5739583333333333 0.5851851851851851 0.5729166666666666
0 0.3037037037037037 0.4791666666666667 0.3 0.4875 0.3074074074074074 0.4895833333333333 0.5222222222222223 0.49895833333333334 0.5703703703703704 0.49583333333333335 0.5833333333333334 0.48125 0.6944444444444444 0.40520833333333334 0.8 0.325 0.812962962962963 0.309375 0.7444444444444445 0.2989583333333333 0.6944444444444444 0.30416666666666664 0.6481481481481481 0.31979166666666664 0.6092592592592593 0.33958333333333335 0.49074074074074076 0.36770833333333336 0.43148148148148147 0.39479166666666665 0.37037037037037035 0.43854166666666666 0.3037037037037037 0.4791666666666667
0 0.13333333333333333 0.66875 0.14074074074074075 0.7114583333333333 0.1259259259259259 0.7260416666666667 0.11666666666666667 0.753125 0.10925925925925926 0.7604166666666666 0.09444444444444444 0.7645833333333333 0.09444444444444444 0.775 0.1685185185185185 0.8458333333333333 0.19074074074074074 0.8583333333333333 0.1962962962962963 0.8708333333333333 0.25925925925925924 0.9291666666666667 0.2962962962962963 0.9302083333333333 0.32407407407407407 0.9375 0.48333333333333334 0.9635416666666666 0.5037037037037037 0.9697916666666667 0.5185185185185185 0.96875 0.5425925925925926 0.9770833333333333 0.6148148148148148 0.9916666666666667 0.6462962962962963 0.9916666666666667 0.662962962962963 0.9958333333333333 0.6981481481481482 0.9947916666666666 0.7129629629629629 0.9989583333333333 0.7296296296296296 0.9958333333333333 0.7333333333333333 0.9989583333333333 0.737037037037037 0.9958333333333333 0.7666666666666667 0.9958333333333333 0.7759259259259259 0.9989583333333333 0.7888888888888889 0.9989583333333333 0.7925925925925926 0.9958333333333333 0.8222222222222222 0.9989583333333333 0.8277777777777777 0.9958333333333333 0.837037037037037 0.9989583333333333 0.8592592592592593 0.9947916666666666 0.8592592592592593 0.9822916666666667 0.8666666666666667 0.9708333333333333 0.9222222222222223 0.9177083333333333 0.9425925925925925 0.90625 0.9518518518518518 0.9083333333333333 0.9740740740740741 0.8989583333333333 0.9796296296296296 0.9010416666666666 0.9907407407407407 0.8979166666666667 0.9925925925925926 0.7854166666666667 0.9833333333333333 0.778125 0.9555555555555556 0.7739583333333333 0.9351851851851852 0.7635416666666667 0.7722222222222223 0.734375 0.7129629629629629 0.7302083333333333 0.6925925925925925 0.7322916666666667 0.6814814814814815 0.7385416666666667 0.6648148148148149 0.740625 0.6407407407407407 0.7239583333333334 0.6240740740740741 0.7208333333333333 0.6055555555555555 0.7114583333333333 0.5777777777777777 0.7114583333333333 0.5574074074074075 0.70625 0.5296296296296297 0.7052083333333333 0.48703703703703705 0.69375 0.43703703703703706 0.6927083333333334 0.3851851851851852 0.6822916666666666 0.3111111111111111 0.684375 0.2388888888888889 0.665625 0.19444444444444445 0.6666666666666666 0.1814814814814815 0.6635416666666667 0.15185185185185185 0.6635416666666667 0.13703703703703704 0.6645833333333333 0.13333333333333333 0.66875
0 0.7555555555555555 0.32708333333333334 0 0
0 0.7425925925925926 0.32395833333333335 0.7444444444444445 0.32916666666666666 0.7481481481481481 0.3260416666666667 0.7425925925925926 0.32395833333333335
0 0.7666666666666667 0.30625 0.7722222222222223 0.3072916666666667 0.7666666666666667 0.30625
0 0.7574074074074074 0.303125 0.75 0.303125 0.7537037037037037 0.309375 0.7574074074074074 0.303125
0 0.3333333333333333 0.4625 0.3037037037037037 0.48333333333333334 0.3055555555555556 0.4875 0.5277777777777778 0.4979166666666667 0.5685185185185185 0.4947916666666667 0.587037037037037 0.47604166666666664 0.6814814814814815 0.4114583333333333 0.7648148148148148 0.34479166666666666 0.7851851851851852 0.3333333333333333 0.8037037037037037 0.31354166666666666 0.7462962962962963 0.31354166666666666 0.7444444444444445 0.303125 0.7203703703703703 0.303125 0.7055555555555556 0.30625 0.7037037037037037 0.3104166666666667 0.6962962962962963 0.30625 0.687037037037037 0.31145833333333334 0.6777777777777778 0.3104166666666667 0.6703703703703704 0.31354166666666666 0.65 0.3260416666666667 0.6462962962962963 0.32395833333333335 0.6370370370370371 0.328125 0.6185185185185185 0.3416666666666667 0.5018518518518519 0.365625 0.43148148148148147 0.396875 0.3648148148148148 0.44479166666666664 0.3333333333333333 0.4625
0 0.9148148148148149 0.9447916666666667 0.9111111111111111 0.959375 0.9296296296296296 0.959375 0.9314814814814815 0.9552083333333333 0.9185185185185185 0.9510416666666667 0.9203703703703704 0.9458333333333333 0.9148148148148149 0.9447916666666667
0 0.9314814814814815 0.9395833333333333 0.9314814814814815 0.9479166666666666 0.9425925925925925 0.9447916666666667 0.9425925925925925 0.940625 0.9314814814814815 0.9395833333333333
0 0.17962962962962964 0.6645833333333333 0.17407407407407408 0.665625 0.17777777777777778 0.6677083333333333 0.17962962962962964 0.6645833333333333
0 0.15185185185185185 0.6677083333333333 0.1574074074074074 0.6770833333333334 0.15 0.6854166666666667 0.15925925925925927 0.690625 0.1537037037037037 0.6958333333333333 0.15 0.6947916666666667 0.14814814814814814 0.7072916666666667 0.16666666666666666 0.7114583333333333 0.1574074074074074 0.7197916666666667 0.14814814814814814 0.7197916666666667 0.13148148148148148 0.7489583333333333 0.12222222222222222 0.75 0.11481481481481481 0.7625 0.09814814814814815 0.765625 0.09444444444444444 0.7729166666666667 0.1388888888888889 0.8177083333333334 0.14814814814814814 0.821875 0.1537037037037037 0.8322916666666667 0.18888888888888888 0.8583333333333333 0.22407407407407406 0.9 0.2611111111111111 0.93125 0.3 0.93125 0.32037037037037036 0.9375 0.48518518518518516 0.9645833333333333 0.5037037037037037 0.9708333333333333 0.5277777777777778 0.9708333333333333 0.5425925925925926 0.9770833333333333 0.6148148148148148 0.9916666666666667 0.6425925925925926 0.990625 0.662962962962963 0.996875 0.6962962962962963 0.9947916666666666 0.7129629629629629 0.9989583333333333 0.7333333333333333 0.9989583333333333 0.737037037037037 0.9958333333333333 0.7703703703703704 0.9958333333333333 0.7759259259259259 0.9989583333333333 0.8074074074074075 0.9958333333333333 0.8203703703703704 0.9989583333333333 0.8240740740740741 0.9958333333333333 0.8611111111111112 0.9947916666666666 0.8592592592592593 0.9833333333333333 0.8666666666666667 0.9708333333333333 0.8814814814814815 0.9604166666666667 0.8851851851851852 0.95 0.9055555555555556 0.9395833333333333 0.9111111111111111 0.928125 0.9277777777777778 0.925 0.924074074074074 0.921875 0.9425925925925925 0.9114583333333334 0.9592592592592593 0.9125 0.9666666666666667 0.9052083333333333 0.9851851851851852 0.9041666666666667 0.9907407407407407 0.8989583333333333 0.9925925925925926 0.7833333333333333 0.9814814814814815 0.7760416666666666 0.9537037037037037 0.7729166666666667 0.9333333333333333 0.7625 0.8037037037037037 0.7375 0.7444444444444445 0.73125 0.6944444444444444 0.7302083333333333 0.6796296296296296 0.7385416666666667 0.6666666666666666 0.740625 0.6407407407407407 0.7229166666666667 0.6296296296296297 0.721875 0.6037037037037037 0.7114583333333333 0.5259259259259259 0.7052083333333333 0.49074074074074076 0.6947916666666667 0.43703703703703706 0.69375 0.387037037037037 0.6833333333333333 0.30925925925925923 0.684375 0.2388888888888889 0.6666666666666666 0.21666666666666667 0.6677083333333333 0.21296296296296297 0.671875 0.20555555555555555 0.6677083333333333 0.19074074074074074 0.6666666666666666 0.18703703703703703 0.678125 0.16666666666666666 0.6802083333333333 0.15925925925925927 0.684375 0.1574074074074074 0.6791666666666667 0.16666666666666666 0.6739583333333333 0.16666666666666666 0.6645833333333333 0.15555555555555556 0.6645833333333333 0.15185185185185185 0.6677083333333333
0 0.19814814814814816 0.8583333333333333 0.1925925925925926 0.8614583333333333 0.19444444444444445 0.8708333333333333 0.2518518518518518 0.9270833333333334 0.2611111111111111 0.9302083333333333 0.2759259259259259 0.9260416666666667 0.3388888888888889 0.940625 0.362962962962963 0.940625 0.3685185185185185 0.9458333333333333 0.5259259259259259 0.9729166666666667 0.6166666666666667 0.9927083333333333 0.6444444444444445 0.9916666666666667 0.662962962962963 0.9958333333333333 0.7 0.9947916666666666 0.7333333333333333 0.9989583333333333 0.7833333333333333 0.9989583333333333 0.8037037037037037 0.9958333333333333 0.8111111111111111 0.9989583333333333 0.8462962962962963 0.9989583333333333 0.8611111111111112 0.9947916666666666 0.8629629629629629 0.98125 0.8740740740740741 0.975 0.9074074074074074 0.9354166666666667 0.9074074074074074 0.9208333333333333 0.8888888888888888 0.9052083333333333 0.8592592592592593 0.89375 0.837037037037037 0.8791666666666667 0.7814814814814814 0.8572916666666667 0.75 0.8385416666666666 0.7074074074074074 0.83125 0.6759259259259259 0.8354166666666667 0.6092592592592593 0.8333333333333334 0.5388888888888889 0.8385416666666666 0.47962962962962963 0.8354166666666667 0.4537037037037037 0.8395833333333333 0.42592592592592593 0.8395833333333333 0.4074074074074074 0.8447916666666667 0.35555555555555557 0.846875 0.3314814814814815 0.84375 0.29074074074074074 0.8510416666666667 0.19814814814814816 0.8583333333333333
0 0.30185185185185187 0.48125 0.3 0.4875 0.31296296296296294 0.4895833333333333 0.5277777777777778 0.49895833333333334 0.5703703703703704 0.49583333333333335 0.5814814814814815 0.4822916666666667 0.6962962962962963 0.403125 0.812962962962963 0.3104166666666667 0.7407407407407407 0.2989583333333333 0.6907407407407408 0.30520833333333336 0.6425925925925926 0.3229166666666667 0.6111111111111112 0.33958333333333335 0.5037037037037037 0.36354166666666665 0.43148148148148147 0.39479166666666665 0.30185185185185187 0.48125