0 0.06481481481481481 0.8416666666666667 0.06296296296296296 0.834375 0.06296296296296296 0.84375
0 0.046296296296296294 0.7885416666666667 0.04814814814814815 0.8114583333333333 0.09444444444444444 0.8114583333333333 0.10740740740740741 0.815625 0.13703703703703704 0.8177083333333334 0.14629629629629629 0.8229166666666666 0.13148148148148148 0.9145833333333333 0.13703703703703704 0.91875 0.17592592592592593 0.921875 0.22037037037037038 0.9197916666666667 0.22777777777777777 0.9229166666666667 0.2740740740740741 0.9208333333333333 0.3 0.925 0.3351851851851852 0.9229166666666667 0.3537037037037037 0.9260416666666667 0.43148148148148147 0.9239583333333333 0.45185185185185184 0.928125 0.5 0.925 0.5166666666666667 0.9291666666666667 0.5333333333333333 0.921875 0.5425925925925926 0.921875 0.5666666666666667 0.9322916666666666 0.6185185185185185 0.934375 0.6425925925925926 0.93125 0.6537037037037037 0.9239583333333333 0.6722222222222223 0.9354166666666667 0.7018518518518518 0.9385416666666667 0.7314814814814815 0.9354166666666667 0.774074074074074 0.9364583333333333 0.7944444444444444 0.9322916666666666 0.8407407407407408 0.9354166666666667 0.8851851851851852 0.9302083333333333 0.9462962962962963 0.9302083333333333 0.9648148148148148 0.9364583333333333 0.987037037037037 0.9322916666666666 0.9925925925925926 0.884375 0.9907407407407407 0.7479166666666667 0.9629629629629629 0.728125 0.937037037037037 0.6989583333333333 0.9074074074074074 0.6885416666666667 0.8907407407407407 0.6895833333333333 0.85 0.6833333333333333 0.8018518518518518 0.6822916666666666 0.75 0.6875 0.7333333333333333 0.6833333333333333 0.7018518518518518 0.6854166666666667 0.6425925925925926 0.6760416666666667 0.5740740740740741 0.675 0.5481481481481482 0.68125 0.5185185185185185 0.68125 0.45555555555555555 0.6729166666666667 0.4185185185185185 0.659375 0.40370370370370373 0.6447916666666667 0.40370370370370373 0.6 0.39814814814814814 0.56875 0.3925925925925926 0.5645833333333333 0.362962962962963 0.5614583333333333 0.34444444444444444 0.5635416666666667 0.3277777777777778 0.571875 0.25 0.5947916666666667 0.1814814814814815 0.6083333333333333 0.09814814814814815 0.634375 0.07037037037037037 0.70625 0.06666666666666667 0.7458333333333333 0.05740740740740741 0.75625
0 0.6777777777777778 0.471875 0.6759259259259259 0.48020833333333335 0.6814814814814815 0.48020833333333335
0 0.42407407407407405 0.44375 0.4222222222222222 0.4552083333333333 0.43148148148148147 0.45625 0.4351851851851852 0.453125
0 0.6148148148148148 0.4427083333333333 0.6129629629629629 0.4479166666666667 0.6185185185185185 0.44583333333333336
0 0.6759259259259259 0.44375 0.6814814814814815 0.45208333333333334 0.6722222222222223 0.45208333333333334 0.674074074074074 0.45625 0.6833333333333333 0.45208333333333334 0.6925925925925925 0.453125 0.6962962962962963 0.45625 0.6907407407407408 0.459375 0.7 0.4625 0.6962962962962963 0.46875 0.6888888888888889 0.4666666666666667 0.6944444444444444 0.46875 0.6851851851851852 0.475 0.6888888888888889 0.48020833333333335 0.7018518518518518 0.478125 0.7148148148148148 0.48333333333333334 0.7222222222222222 0.47708333333333336 0.7296296296296296 0.4791666666666667 0.7277777777777777 0.48333333333333334 0.7314814814814815 0.48020833333333335 0.7444444444444445 0.48020833333333335 0.737037037037037 0.46145833333333336 0.725925925925926 0.4666666666666667 0.7203703703703703 0.4625 0.7240740740740741 0.44895833333333335 0.7185185185185186 0.44583333333333336 0.7129629629629629 0.446875 0.7092592592592593 0.44166666666666665 0.7 0.4479166666666667 0.6981481481481482 0.44166666666666665 0.6888888888888889 0.4479166666666667
0 0.42407407407407405 0.4354166666666667 0.42407407407407405 0.44166666666666665 0.43148148148148147 0.440625 0.43148148148148147 0.4354166666666667
0 0.44074074074074077 0.425 0.4444444444444444 0.42916666666666664 0.4388888888888889 0.44583333333333336 0.4462962962962963 0.446875 0.44074074074074077 0.4552083333333333 0.4425925925925926 0.459375 0.4462962962962963 0.45625 0.4537037037037037 0.459375 0.4462962962962963 0.45416666666666666 0.4444444444444444 0.44375 0.45185185185185184 0.440625 0.45555555555555555 0.43125 0.4462962962962963 0.421875
0 0.4759259259259259 0.41875 0.4759259259259259 0.425 0.4648148148148148 0.4270833333333333 0.47962962962962963 0.4479166666666667 0.4759259259259259 0.45416666666666666 0.4666666666666667 0.453125 0.4685185185185185 0.4635416666666667 0.5537037037037037 0.471875 0.5703703703703704 0.4708333333333333 0.587037037037037 0.475 0.6055555555555555 0.475 0.6074074074074074 0.46875 0.6185185185185185 0.46875 0.6148148148148148 0.46041666666666664 0.5981481481481481 0.45208333333333334 0.5944444444444444 0.45416666666666666 0.5907407407407408 0.44895833333333335 0.5833333333333334 0.4479166666666667 0.5796296296296296 0.453125 0.5685185185185185 0.44895833333333335 0.5740740740740741 0.44583333333333336 0.5703703703703704 0.44166666666666665 0.5796296296296296 0.43854166666666666 0.5740740740740741 0.43020833333333336 0.5518518518518518 0.4375 0.5388888888888889 0.434375 0.5425925925925926 0.428125 0.5148148148148148 0.4322916666666667 0.5037037037037037 0.428125 0.5018518518518519 0.42291666666666666 0.48333333333333334 0.4270833333333333 0.47962962962962963 0.41770833333333335
0 0.027777777777777776 0.846875 0.022222222222222223 0.878125 0.025925925925925925 0.8864583333333333 0.040740740740740744 0.890625 0.040740740740740744 0.903125 0.09444444444444444 0.9020833333333333 0.12037037037037036 0.8333333333333334 0.06481481481481481 0.8270833333333333 0.04259259259259259 0.8322916666666667
0 0.40555555555555556 0.409375 0.4111111111111111 0.4510416666666667 0.4203703703703704 0.459375 0.6907407407407408 0.48541666666666666 0.7481481481481481 0.4895833333333333 0.7592592592592593 0.4864583333333333 0.7333333333333333 0.44895833333333335 0.7092592592592593 0.434375 0.6537037037037037 0.4354166666666667 0.45740740740740743 0.4114583333333333
0 0.07037037037037037 0.7072916666666667 0.06851851851851852 0.7333333333333333 0.04814814814814815 0.7791666666666667 0.04814814814814815 0.8 0.06851851851851852 0.80625 0.09444444444444444 0.8041666666666667 0.10185185185185185 0.8114583333333333 0.1388888888888889 0.8177083333333334 0.15 0.8375 0.13333333333333333 0.896875 0.1388888888888889 0.9166666666666666 0.35185185185185186 0.928125 0.5981481481481481 0.9322916666666666 0.6611111111111111 0.925 0.6777777777777778 0.9354166666666667 0.6981481481481482 0.9364583333333333 0.987037037037037 0.9333333333333333 0.9925925925925926 0.921875 0.9981481481481481 0.7260416666666667 0.9833333333333333 0.6854166666666667 0.95 0.69375 0.9222222222222223 0.684375 0.8888888888888888 0.6875 0.812962962962963 0.6791666666666667 0.7592592592592593 0.6864583333333333 0.737037037037037 0.68125 0.6944444444444444 0.6833333333333333 0.6370370370370371 0.675 0.5796296296296296 0.6739583333333333 0.5333333333333333 0.6822916666666666 0.49444444444444446 0.6791666666666667 0.43703703703703706 0.6645833333333333 0.40925925925925927 0.6520833333333333 0.4 0.6302083333333334 0.39814814814814814 0.5708333333333333 0.3888888888888889 0.5635416666666667 0.34814814814814815 0.5625 0.09814814814814815 0.6333333333333333