0 0.7555555555555555 0.6958333333333333 0.7592592592592593 0.7083333333333334 0.7851851851851852 0.7270833333333333 0.7870370370370371 0.7354166666666667 0.812962962962963 0.7520833333333333 0.8166666666666667 0.7614583333333333 0.837037037037037 0.7791666666666667 0.912962962962963 0.828125 0.9351851851851852 0.834375 0.9425925925925925 0.8416666666666667 0.9592592592592593 0.84375 0.9907407407407407 0.859375 0.9944444444444445 0.7666666666666667 0.9907407407407407 0.7614583333333333 0.9648148148148148 0.7520833333333333 0.9462962962962963 0.740625 0.9203703703703704 0.7197916666666667 0.9074074074074074 0.7 0.8907407407407407 0.6916666666666667 0.8462962962962963 0.6875 0.8148148148148148 0.671875 0.8018518518518518 0.6833333333333333 0.7666666666666667 0.6885416666666667 0.7555555555555555 0.6958333333333333
0 0.8962962962962963 0.740625 0.8962962962962963 0.7447916666666666 0.8962962962962963 0.740625
0 0.8796296296296297 0.7239583333333334 0.8777777777777778 0.7302083333333333 0.8833333333333333 0.73125 0.8833333333333333 0.7260416666666667 0.8925925925925926 0.7229166666666667 0.8888888888888888 0.7208333333333333 0.8796296296296297 0.7239583333333334
0 0.9092592592592592 0.71875 0.9074074074074074 0.725 0.9166666666666666 0.7239583333333334 0.9092592592592592 0.71875
0 0.17592592592592593 0.5635416666666667 0.1425925925925926 0.578125 0.10925925925925926 0.584375 0.07222222222222222 0.596875 0.05185185185185185 0.5979166666666667 0.02962962962962963 0.60625 0 0.609375 0 0.9239583333333333 0.018518518518518517 0.9260416666666667 0.027777777777777776 0.93125 0.07777777777777778 0.9333333333333333 0.18888888888888888 0.9322916666666666 0.21666666666666667 0.9291666666666667 0.2611111111111111 0.934375 0.2759259259259259 0.93125 0.3148148148148148 0.93125 0.32592592592592595 0.934375 0.3333333333333333 0.9322916666666666 0.34444444444444444 0.9364583333333333 0.3611111111111111 0.9354166666666667 0.37222222222222223 0.940625 0.45925925925925926 0.934375 0.5407407407407407 0.9364583333333333 0.5962962962962963 0.9322916666666666 0.6370370370370371 0.9385416666666667 0.6574074074074074 0.925 0.6925925925925925 0.9260416666666667 0.7314814814814815 0.921875 0.7888888888888889 0.925 0.837037037037037 0.9229166666666667 0.8462962962962963 0.9197916666666667 0.8740740740740741 0.9229166666666667 0.9037037037037037 0.9208333333333333 0.9148148148148149 0.9135416666666667 0.9351851851851852 0.9135416666666667 0.9555555555555556 0.9270833333333334 0.9703703703703703 0.925 0.9796296296296296 0.9291666666666667 0.9833333333333333 0.9239583333333333 0.9907407407407407 0.925 0.9907407407407407 0.8760416666666667 0.9796296296296296 0.8489583333333334 0.9796296296296296 0.8291666666666667 0.9888888888888889 0.803125 0.9722222222222222 0.7927083333333333 0.9796296296296296 0.7833333333333333 0.9796296296296296 0.7697916666666667 0.9685185185185186 0.76875 0.9740740740740741 0.7625 0.9685185185185186 0.7604166666666666 0.9611111111111111 0.7635416666666667 0.9481481481481482 0.7479166666666667 0.9277777777777778 0.7385416666666667 0.9203703703703704 0.7427083333333333 0.9185185185185185 0.753125 0.9018518518518519 0.7552083333333334 0.8833333333333333 0.75 0.8796296296296297 0.7375 0.8703703703703703 0.7333333333333333 0.8703703703703703 0.7177083333333333 0.8759259259259259 0.715625 0.8833333333333333 0.71875 0.8833333333333333 0.7083333333333334 0.8685185185185185 0.7052083333333333 0.8611111111111112 0.7104166666666667 0.8481481481481481 0.6927083333333334 0.8333333333333334 0.6854166666666667 0.812962962962963 0.6822916666666666 0.7944444444444444 0.6927083333333334 0.7703703703703704 0.6927083333333334 0.7537037037037037 0.7020833333333333 0.6666666666666666 0.6854166666666667 0.6240740740740741 0.6833333333333333 0.5703703703703704 0.6895833333333333 0.5444444444444444 0.6854166666666667 0.5074074074074074 0.6885416666666667 0.48333333333333334 0.68125 0.45185185185185184 0.6770833333333334 0.3925925925925926 0.678125 0.37592592592592594 0.6822916666666666 0.34814814814814815 0.6833333333333333 0.30185185185185187 0.6822916666666666 0.2537037037037037 0.6708333333333333 0.23148148148148148 0.6604166666666667 0.2222222222222222 0.6447916666666667 0.22037037037037038 0.571875 0.2037037037037037 0.5645833333333333 0.17592592592592593 0.5635416666666667
0 0.24444444444444444 0.41041666666666665 0.23703703703703705 0.4114583333333333 0.23703703703703705 0.428125 0.24259259259259258 0.45625 0.24814814814814815 0.46041666666666664 0.2851851851851852 0.4666666666666667 0.387037037037037 0.475 0.40370370370370373 0.48020833333333335 0.42962962962962964 0.4791666666666667 0.5074074074074074 0.4875 0.5148148148148148 0.4875 0.5185185185185185 0.48333333333333334 0.5333333333333333 0.490625 0.562962962962963 0.490625 0.5703703703703704 0.49375 0.5796296296296296 0.49166666666666664 0.5777777777777777 0.4791666666666667 0.562962962962963 0.4583333333333333 0.5425925925925926 0.4479166666666667 0.5314814814814814 0.45 0.5277777777777778 0.44583333333333336 0.4703703703703704 0.44375 0.45555555555555555 0.43854166666666666 0.42777777777777776 0.4375 0.4203703703703704 0.4322916666666667 0.4 0.434375 0.3888888888888889 0.428125 0.37222222222222223 0.42916666666666664 0.3685185185185185 0.425 0.3425925925925926 0.42083333333333334 0.31666666666666665 0.42291666666666666 0.3074074074074074 0.41770833333333335 0.2777777777777778 0.41875 0.2722222222222222 0.41458333333333336 0.26481481481481484 0.41875 0.2574074074074074 0.4114583333333333 0.24444444444444444 0.41041666666666665
0 0.2351851851851852 0.4083333333333333 0.24074074074074073 0.45416666666666666 0.24259259259259258 0.459375 0.2518518518518518 0.4625 0.38333333333333336 0.47604166666666664 0.40555555555555556 0.48125 0.5833333333333334 0.4947916666666667 0.5833333333333334 0.484375 0.5648148148148148 0.45625 0.5425925925925926 0.44375 0.45740740740740743 0.4375 0.412962962962963 0.4270833333333333 0.3351851851851852 0.4166666666666667 0.2351851851851852 0.4083333333333333
0 0.9592592592592593 0.8166666666666667 0.9592592592592593 0.8208333333333333 0.9592592592592593 0.8166666666666667
0 0.9851851851851852 0.803125 0.9833333333333333 0.809375 0.9851851851851852 0.803125
0 0.8 0.7239583333333334 0.7981481481481482 0.7270833333333333 0.8 0.7239583333333334
0 0.8592592592592593 0.715625 0.8555555555555555 0.7135416666666666 0.8611111111111112 0.71875 0.8555555555555555 0.7208333333333333 0.8629629629629629 0.7239583333333334 0.8592592592592593 0.715625
0 0.8148148148148148 0.709375 0.812962962962963 0.7135416666666666 0.8203703703703704 0.7135416666666666 0.8166666666666667 0.7072916666666667 0.8148148148148148 0.709375
0 0.8296296296296296 0.7 0.8277777777777777 0.709375 0.837037037037037 0.7114583333333333 0.8388888888888889 0.6958333333333333 0.8296296296296296 0.7
0 0.8166666666666667 0.6885416666666667 0.8185185185185185 0.696875 0.8166666666666667 0.6885416666666667
0 0.005555555555555556 0.609375 0 0.6125 0 0.6739583333333333 0.007407407407407408 0.6802083333333333 0 0.703125 0 0.9114583333333334 0.001851851851851852 0.9208333333333333 0.009259259259259259 0.925 0.04814814814814815 0.9322916666666666 0.17962962962962964 0.9322916666666666 0.2222222222222222 0.928125 0.2611111111111111 0.9333333333333333 0.2759259259259259 0.9302083333333333 0.3277777777777778 0.93125 0.3314814814814815 0.9260416666666667 0.34444444444444444 0.934375 0.3907407407407407 0.9395833333333333 0.4074074074074074 0.9364583333333333 0.42407407407407405 0.9385416666666667 0.45555555555555555 0.934375 0.47962962962962963 0.9354166666666667 0.49444444444444446 0.93125 0.5222222222222223 0.9354166666666667 0.5666666666666667 0.9354166666666667 0.5981481481481481 0.93125 0.6240740740740741 0.9364583333333333 0.6407407407407407 0.9354166666666667 0.6574074074074074 0.9239583333333333 0.7018518518518518 0.925 0.7555555555555555 0.9208333333333333 0.7870370370370371 0.925 0.8351851851851851 0.9229166666666667 0.8444444444444444 0.9197916666666667 0.8740740740740741 0.9229166666666667 0.9037037037037037 0.9197916666666667 0.912962962962963 0.9135416666666667 0.9314814814814815 0.9125 0.9574074074074074 0.9270833333333334 0.9666666666666667 0.9239583333333333 0.9888888888888889 0.9239583333333333 0.9907407407407407 0.878125 0.9814814814814815 0.859375 0.9555555555555556 0.8458333333333333 0.9444444444444444 0.8489583333333334 0.9203703703703704 0.834375 0.9111111111111111 0.8229166666666666 0.8962962962962963 0.821875 0.8944444444444445 0.8072916666666666 0.8851851851851852 0.809375 0.8796296296296297 0.80625 0.8703703703703703 0.7979166666666667 0.8685185185185185 0.7875 0.8518518518518519 0.78125 0.8333333333333334 0.759375 0.7907407407407407 0.7354166666666667 0.7851851851851852 0.7260416666666667 0.7722222222222223 0.721875 0.7574074074074074 0.7072916666666667 0.737037037037037 0.6989583333333333 0.6574074074074074 0.6854166666666667 0.6092592592592593 0.684375 0.5777777777777777 0.6895833333333333 0.5314814814814814 0.6864583333333333 0.5203703703703704 0.6895833333333333 0.45740740740740743 0.678125 0.3962962962962963 0.678125 0.37777777777777777 0.6822916666666666 0.31296296296296294 0.6833333333333333 0.2574074074074074 0.6729166666666667 0.23148148148148148 0.6625 0.22407407407407406 0.653125 0.21851851851851853 0.578125 0.19074074074074074 0.5645833333333333 0.17592592592592593 0.5645833333333333 0.14444444444444443 0.578125 0.10925925925925926 0.5854166666666667 0.07037037037037037 0.5989583333333334 0.05555555555555555 0.6 0.04259259259259259 0.60625 0.005555555555555556 0.609375