0 0.115625 0.45545134818288396 0.11770833333333333 0.45720984759671746 0.121875 0.45545134818288396 0.12708333333333333 0.4566236811254396 0.12604166666666666 0.4548651817116061
0 0.05416666666666667 0.451348182883939 0.046875 0.458968347010551 0.016666666666666666 0.4642438452520516 0 0.46365767878077374 0 0.47772567409144195 0.103125 0.4601406799531067 0.10729166666666666 0.45720984759671746 0.103125 0.45427901524032827
0 0.051041666666666666 0.4876905041031653 0 0.488862837045721 0 0.5451348182883939 0.06979166666666667 0.5257913247362251 0.12604166666666666 0.5076201641266119 0.13958333333333334 0.5058616647127784 0.15416666666666667 0.4976553341148886 0.13958333333333334 0.4947245017584994 0.08333333333333333 0.4935521688159437 0.06041666666666667 0.4876905041031653
0 0.011458333333333333 0.716295427901524 0.010416666666666666 0.720398593200469 0.015625 0.7256740914419695 0.042708333333333334 0.7268464243845252 0.05625 0.7297772567409144 0.07395833333333333 0.7245017584994138 0.08125 0.7245017584994138 0.09270833333333334 0.7286049237983587 0.10208333333333333 0.7286049237983587 0.12291666666666666 0.7174677608440797 0.13229166666666667 0.716295427901524 0.140625 0.720398593200469 0.14166666666666666 0.7256740914419695 0.153125 0.7327080890973037 0.18541666666666667 0.7332942555685815 0.19583333333333333 0.7303634232121923 0.21979166666666666 0.738569753810082 0.23229166666666667 0.7373974208675264 0.240625 0.7403282532239156 0.25833333333333336 0.7397420867526378 0.2833333333333333 0.742672919109027 0.2864583333333333 0.7444314185228605 0.31666666666666665 0.7432590855803048 0.328125 0.7456037514654161 0.334375 0.7438452520515827 0.3541666666666667 0.7485345838218054 0.365625 0.7467760844079718 0.390625 0.7473622508792497 0.4041666666666667 0.7508792497069168 0.47708333333333336 0.7549824150058617 0.484375 0.757327080890973 0.49895833333333334 0.7549824150058617 0.528125 0.7584994138335287 0.5520833333333334 0.757327080890973 0.5760416666666667 0.7608440797186401 0.6395833333333333 0.7602579132473622 0.6447916666666667 0.7620164126611958 0.6822916666666666 0.7631887456037515 0.690625 0.764947245017585 0.7239583333333334 0.764947245017585 0.7510416666666667 0.7672919109026963 0.8114583333333333 0.7655334114888629 0.828125 0.7678780773739742 0.85625 0.761430246189918 0.8833333333333333 0.7584994138335287 0.9072916666666667 0.7602579132473622 0.9427083333333334 0.7584994138335287 0.9583333333333334 0.761430246189918 0.9760416666666667 0.7620164126611958 0.9864583333333333 0.7584994138335287 0.9947916666666666 0.7584994138335287 0.9989583333333333 0.7549824150058617 0.9989583333333333 0.6799531066822978 0.9947916666666666 0.6705744431418523 0.9947916666666666 0.64947245017585 0.9989583333333333 0.6436107854630715 0.9989583333333333 0.5890973036342321 0.9572916666666667 0.5668229777256741 0.946875 0.5574443141852286 0.9458333333333333 0.5527549824150059 0.940625 0.552168815943728 0.9385416666666667 0.5539273153575616 0.9364583333333333 0.5504103165298945 0.9239583333333333 0.5451348182883939 0.8822916666666667 0.5345838218053928 0.8520833333333333 0.5334114888628371 0.8072916666666666 0.5257913247362251 0.7822916666666667 0.5252051582649473 0.7625 0.522274325908558 0.6875 0.522274325908558 0.6739583333333333 0.5134818288393904 0.6739583333333333 0.5082063305978898 0.6677083333333333 0.5017584994138335 0.6489583333333333 0.4976553341148886 0.6197916666666666 0.49531066822977726 0.5864583333333333 0.4970691676436108 0.5708333333333333 0.49413833528722156 0.534375 0.49413833528722156 0.528125 0.4988276670574443 0.5052083333333334 0.4935521688159437 0.4822916666666667 0.4958968347010551 0.44583333333333336 0.4906213364595545 0.42083333333333334 0.49531066822977726 0.40729166666666666 0.5011723329425557 0.403125 0.4947245017584994 0.3854166666666667 0.4912075029308324 0.38229166666666664 0.4947245017584994 0.384375 0.5023446658851114 0.365625 0.5087924970691676 0.36354166666666665 0.5052754982415005 0.359375 0.5046893317702228 0.359375 0.5087924970691676 0.353125 0.515240328253224 0.346875 0.5164126611957796 0.33645833333333336 0.5234466588511137 0.3072916666666667 0.5351699882766706 0.2760416666666667 0.5392731535756154 0.2625 0.5439624853458382 0.25416666666666665 0.5509964830011723 0.20625 0.5779601406799532 0.121875 0.6336459554513482 0.04895833333333333 0.6699882766705745 0.015625 0.7075029308323564
0 0.684375 0.9917936694021102 0.6822916666666666 0.9947245017584995 0.6854166666666667 0.9947245017584995
0 0.6572916666666667 0.9912075029308324 0.65 0.9941383352872216 0.659375 0.9947245017584995
0 0.5677083333333334 0.9841735052754983 0.5666666666666667 0.9912075029308324 0.578125 0.9958968347010551 0.5989583333333334 0.9964830011723329 0.6020833333333333 0.9994138335287222 0.609375 0.9958968347010551 0.6197916666666666 0.9958968347010551 0.6229166666666667 0.9994138335287222 0.6270833333333333 0.9947245017584995 0.6260416666666667 0.988862837045721 0.6125 0.9841735052754983 0.584375 0.9824150058616647
0 0.4979166666666667 0.9806565064478312 0.4979166666666667 0.9994138335287222 0.5010416666666667 0.9970691676436108 0.5145833333333333 0.9958968347010551 0.521875 0.9958968347010551 0.525 0.9994138335287222 0.5416666666666666 0.9994138335287222 0.5427083333333333 0.9970691676436108 0.5520833333333334 0.9947245017584995 0.553125 0.9830011723329426 0.55 0.9806565064478312 0.5322916666666667 0.9771395076201641 0.5260416666666666 0.9788980070339977 0.5010416666666667 0.977725674091442
0 0.4270833333333333 0.9771395076201641 0.42916666666666664 0.9876905041031653 0.425 0.9947245017584995 0.428125 0.9970691676436108 0.45208333333333334 0.9958968347010551 0.45625 0.9994138335287222 0.46041666666666664 0.9994138335287222 0.46458333333333335 0.9964830011723329 0.48020833333333335 0.9947245017584995 0.48333333333333334 0.9865181711606096 0.48333333333333334 0.9771395076201641 0.48020833333333335 0.9742086752637749 0.43854166666666666 0.9695193434935522 0.42916666666666664 0.9736225087924971
0 0.9489583333333333 0.9583821805392732 0.9427083333333334 0.9601406799531067 0.925 0.9595545134818289 0.9416666666666667 0.9947245017584995 0.96875 0.9976553341148886 0.9833333333333333 0.9947245017584995 0.98125 0.9841735052754983 0.9760416666666667 0.9788980070339977 0.96875 0.9618991793669402
0 0.09791666666666667 0.9859320046893317 0.09270833333333334 0.9947245017584995 0.09583333333333334 0.9976553341148886 0.103125 0.9970691676436108 0.10625 0.9994138335287222 0.11875 0.9994138335287222 0.12604166666666666 0.9964830011723329 0.146875 0.9953106682297772 0.18125 0.9964830011723329 0.1875 0.9994138335287222 0.20104166666666667 0.9994138335287222 0.20208333333333334 0.9976553341148886 0.21979166666666666 0.9929660023446659 0.23020833333333332 0.9917936694021102 0.240625 0.9964830011723329 0.25625 0.9970691676436108 0.259375 0.9994138335287222 0.275 0.9994138335287222 0.27708333333333335 0.9970691676436108 0.32916666666666666 0.9953106682297772 0.3385416666666667 0.9970691676436108 0.340625 0.9994138335287222 0.36770833333333336 0.9994138335287222 0.36875 0.9976553341148886 0.371875 0.9994138335287222 0.37604166666666666 0.9964830011723329 0.38645833333333335 0.9964830011723329 0.390625 0.9947245017584995 0.38958333333333334 0.9912075029308324 0.39375 0.9882766705744431 0.396875 0.988862837045721 0.40208333333333335 0.9841735052754983 0.37916666666666665 0.9818288393903869 0.37604166666666666 0.9794841735052755 0.3572916666666667 0.9759671746776084 0.33229166666666665 0.9759671746776084 0.31354166666666666 0.9747948417350527 0.3 0.9712778429073857 0.246875 0.9695193434935522 0.23854166666666668 0.9665885111371629 0.21875 0.9642438452520515 0.19270833333333334 0.9654161781946072 0.16458333333333333 0.958968347010551 0.12083333333333333 0.9572098475967175 0.115625 0.9595545134818289 0.11041666666666666 0.9736225087924971
0 0.005208333333333333 0.94021101992966 0 0.9454865181711606 0.004166666666666667 0.947831184056272 0 0.9487104337631888 0 0.9519343493552169 0.008333333333333333 0.9484173505275498 0.011458333333333333 0.9525205158264948 0.023958333333333335 0.9419695193434936 0.01875 0.9390386869871044
0 0.052083333333333336 0.9425556858147714 0.04375 0.9642438452520515 0.03958333333333333 0.9636576787807737 0.03229166666666667 0.97010550996483 0.03229166666666667 0.977725674091442 0.042708333333333334 0.9806565064478312 0.05625 0.981242672919109 0.078125 0.9583821805392732 0.08645833333333333 0.9419695193434936 0.06979166666666667 0.9378663540445487 0.05625 0.9396248534583822
0 0.019791666666666666 0.9138335287221571 0.020833333333333332 0.9196951934349356 0.035416666666666666 0.9249706916764361 0.042708333333333334 0.9226260257913247 0.04583333333333333 0.9191090269636577 0.057291666666666664 0.917936694021102 0.06145833333333333 0.9073856975381008 0.06979166666666667 0.9015240328253223 0.07083333333333333 0.8909730363423212 0.053125 0.8886283704572099 0.04583333333333333 0.8898007033997656 0.030208333333333334 0.9009378663540446 0.028125 0.9073856975381008
0 0.0020833333333333333 0.8868698710433763 0 0.8985932004689332 0.005208333333333333 0.8997655334114889 0.013541666666666667 0.8898007033997656 0.008333333333333333 0.8851113716295428
0 0.007291666666666667 0.8686987104337632 0.00625 0.8739742086752638 0.011458333333333333 0.8786635404454866 0.035416666666666666 0.876905041031653 0.04375 0.8651817116060961 0.05520833333333333 0.8558030480656507 0.053125 0.8499413833528722 0.046875 0.8481828839390387 0.03125 0.8511137162954279 0.015625 0.8569753810082064 0.011458333333333333 0.8593200468933178
0 0.030208333333333334 0.8364595545134819 0.029166666666666667 0.8382180539273154 0.03333333333333333 0.8388042203985931 0.034375 0.8364595545134819
0 0.003125 0.7924970691676436 0.0020833333333333333 0.8036342321219226 0.007291666666666667 0.8042203985932005 0.010416666666666666 0.8012895662368112 0.009375 0.7895662368112544
0 0.021875 0.7889800703399765 0.020833333333333332 0.7930832356389215 0.025 0.7895662368112544
0 0.928125 0.7889800703399765 0.9270833333333334 0.7930832356389215 0.9375 0.7966002344665886 0.9333333333333333 0.8071512309495897 0.94375 0.8106682297772567 0.9416666666666667 0.8153575615474795 0.9510416666666667 0.8241500586166471 0.953125 0.8329425556858148 0.9729166666666667 0.8417350527549824 0.96875 0.8446658851113716 0.96875 0.8481828839390387 0.975 0.8516998827667057 0.9760416666666667 0.8569753810082064 0.9822916666666667 0.8587338804220399 0.9854166666666667 0.8698710433763188 0.990625 0.8710433763188745 0.99375 0.8692848769050411 0.9958333333333333 0.8464243845252052 0.9885416666666667 0.8429073856975381 0.9875 0.8329425556858148 0.9791666666666666 0.828253223915592 0.9697916666666667 0.8182883939038686 0.953125 0.8147713950762017 0.9552083333333333 0.7995310668229777 0.9447916666666667 0.7889800703399765 0.9385416666666667 0.7866354044548651 0.9354166666666667 0.7895662368112544
0 0.013541666666666667 0.7895662368112544 0.014583333333333334 0.7989449003516998 0.016666666666666666 0.7971864009378663 0.013541666666666667 0.794841735052755 0.017708333333333333 0.7936694021101993 0.014583333333333334 0.7866354044548651
0 0.9541666666666667 0.7690504103165299 0.9520833333333333 0.7754982415005862 0.9552083333333333 0.7790152403282532 0.9635416666666666 0.7848769050410317 0.971875 0.7854630715123095 0.9739583333333334 0.8001172332942555 0.9927083333333333 0.8100820633059789 0.996875 0.7930832356389215 0.9885416666666667 0.7895662368112544 0.9875 0.7731535756154748 0.984375 0.7713950762016413 0.9760416666666667 0.7719812426729191
0 0.909375 0.7713950762016413 0.9083333333333333 0.7754982415005862 0.9145833333333333 0.779601406799531 0.9260416666666667 0.7807737397420867 0.9385416666666667 0.7848769050410317 0.940625 0.7743259085580305 0.934375 0.7690504103165299 0.9135416666666667 0.768464243845252
0 0.03854166666666667 0.7620164126611958 0.041666666666666664 0.772567409144197 0.034375 0.7749120750293084 0.034375 0.779601406799531 0.03958333333333333 0.7831184056271981 0.05 0.776084407971864 0.06145833333333333 0.7602579132473622 0.057291666666666664 0.7596717467760844 0.04791666666666667 0.7626025791324736
0 0.03854166666666667 0.7883939038686987 0.041666666666666664 0.7977725674091442 0.03333333333333333 0.8036342321219226 0.03958333333333333 0.8048065650644783 0.042708333333333334 0.8083235638921453 0.05625 0.8071512309495897 0.06041666666666667 0.8036342321219226 0.06354166666666666 0.8042203985932005 0.06875 0.7966002344665886 0.078125 0.7930832356389215 0.07708333333333334 0.7883939038686987 0.08125 0.783704572098476 0.0875 0.779601406799531 0.09270833333333334 0.7801875732708089 0.096875 0.7784290738569754 0.10625 0.7655334114888629 0.10625 0.761430246189918 0.09895833333333333 0.7584994138335287 0.08854166666666667 0.7608440797186401 0.084375 0.7567409144196952 0.07916666666666666 0.7584994138335287 0.071875 0.7749120750293084 0.07604166666666666 0.783704572098476 0.06354166666666666 0.7883939038686987 0.05520833333333333 0.783704572098476
0 0.06875 0.7479484173505275 0.065625 0.7479484173505275 0.06666666666666667 0.7514654161781946 0.06979166666666667 0.7514654161781946
0 0.153125 0.7502930832356389 0.15208333333333332 0.7584994138335287 0.15833333333333333 0.7596717467760844 0.1625 0.757327080890973 0.16458333333333333 0.7479484173505275 0.15729166666666666 0.7479484173505275
0 0.10520833333333333 0.746189917936694 0.10416666666666667 0.7514654161781946 0.10833333333333334 0.7520515826494725 0.11041666666666666 0.7473622508792497
0 0.18541666666666667 0.7497069167643611 0.18541666666666667 0.761430246189918 0.19583333333333333 0.7655334114888629 0.20520833333333333 0.7620164126611958 0.21354166666666666 0.7514654161781946 0.21041666666666667 0.7479484173505275 0.19791666666666666 0.7456037514654161 0.19166666666666668 0.746189917936694
0 0.078125 0.7409144196951934 0.07395833333333333 0.7450175849941383 0.08125 0.7485345838218054 0.084375 0.7409144196951934
0 0.115625 0.7403282532239156 0.11354166666666667 0.742672919109027 0.11770833333333333 0.7514654161781946 0.13333333333333333 0.746189917936694 0.12604166666666666 0.7391559202813599
0 0.021875 0.7479484173505275 0.019791666666666666 0.7514654161781946 0.028125 0.753810082063306 0.042708333333333334 0.7438452520515827 0.042708333333333334 0.738569753810082 0.035416666666666666 0.7403282532239156 0.03333333333333333 0.7450175849941383 0.028125 0.7479484173505275
0 0.403125 0.3481828839390387 0.3958333333333333 0.36107854630715125 0.396875 0.36518171160609614 0.6833333333333333 0.3669402110199297 0.6875 0.36283704572098474 0.68125 0.31535756154747946 0.6729166666666667 0.30011723329425555 0.6604166666666667 0.29601406799531066 0.5802083333333333 0.28311840562719814 0.5395833333333333 0.28604923798358733 0.4625 0.3071512309495897 0.43125 0.3212192262602579 0.42604166666666665 0.32942555685814773
0 0.7739583333333333 0.4671746776084408 0.775 0.47362250879249707 0.7989583333333333 0.4876905041031653 0.8083333333333333 0.4976553341148886 0.8052083333333333 0.5046893317702228 0.8083333333333333 0.5087924970691676 0.828125 0.5093786635404455 0.8427083333333333 0.5128956623681126 0.9010416666666666 0.5117233294255569 0.8989583333333333 0.5046893317702228 0.884375 0.4958968347010551 0.8385416666666666 0.48300117233294254 0.8145833333333333 0.4695193434935522 0.78125 0.4654161781946073
0 0.8822916666666667 0.5287221570926143 0.8833333333333333 0.5334114888628371 0.9395833333333333 0.5504103165298945 0.95625 0.5638921453692849 0.9875 0.5808909730363423 0.9947916666666666 0.5814771395076201 0.9552083333333333 0.5293083235638921 0.940625 0.5234466588511137 0.9135416666666667 0.5234466588511137