0 0.018518518518518517 0.8364583333333333 0 0.8364583333333333 0 0.9166666666666666 0.005555555555555556 0.9177083333333333 0.027777777777777776 0.915625 0.03518518518518519 0.9041666666666667 0.04259259259259259 0.8427083333333333 0.037037037037037035 0.8385416666666666 0.018518518518518517 0.8364583333333333
0 0.001851851851851852 0.8239583333333333 0 0.8270833333333333 0.001851851851851852 0.8239583333333333
0 0.8574074074074074 0.6645833333333333 0.8518518518518519 0.6677083333333333 0.8555555555555555 0.675 0.8944444444444445 0.6958333333333333 0.9 0.7041666666666667 0.9166666666666666 0.7104166666666667 0.9166666666666666 0.7229166666666667 0.9277777777777778 0.73125 0.9574074074074074 0.7447916666666666 0.9722222222222222 0.7583333333333333 0.9907407407407407 0.7635416666666667 0.9962962962962963 0.746875 0.9944444444444445 0.65625 0.9555555555555556 0.65625 0.9111111111111111 0.640625 0.8907407407407407 0.65625 0.8574074074074074 0.6645833333333333
0 0.001851851851851852 0.871875 0 0.884375 0.011111111111111112 0.884375 0.001851851851851852 0.871875
0 0.001851851851851852 0.6416666666666667 0 0.8145833333333333 0.005555555555555556 0.825 0.05 0.825 0.06481481481481481 0.8322916666666667 0.05740740740740741 0.890625 0.06296296296296296 0.9104166666666667 0.15 0.9114583333333334 0.16666666666666666 0.9197916666666667 0.18703703703703703 0.9177083333333333 0.1925925925925926 0.9135416666666667 0.21296296296296297 0.91875 0.2388888888888889 0.9177083333333333 0.2611111111111111 0.9208333333333333 0.2962962962962963 0.9177083333333333 0.40555555555555556 0.9177083333333333 0.42962962962962964 0.9125 0.45555555555555555 0.915625 0.48333333333333334 0.9104166666666667 0.4962962962962963 0.915625 0.5388888888888889 0.9104166666666667 0.6611111111111111 0.9072916666666667 0.7203703703703703 0.9 0.7703703703703704 0.8979166666666667 0.7796296296296297 0.8947916666666667 0.8 0.896875 0.8796296296296297 0.8927083333333333 0.8962962962962963 0.8958333333333334 0.9333333333333333 0.890625 0.9425925925925925 0.8822916666666667 0.9555555555555556 0.8854166666666666 0.9907407407407407 0.8802083333333334 0.9888888888888889 0.76875 0.9537037037037037 0.7520833333333333 0.9351851851851852 0.7333333333333333 0.924074074074074 0.7302083333333333 0.924074074074074 0.7239583333333334 0.912962962962963 0.7229166666666667 0.8962962962962963 0.6979166666666666 0.8722222222222222 0.6875 0.8462962962962963 0.6697916666666667 0.8055555555555556 0.66875 0.774074074074074 0.6614583333333334 0.7018518518518518 0.6614583333333334 0.6685185185185185 0.66875 0.6333333333333333 0.6666666666666666 0.6166666666666667 0.6697916666666667 0.5962962962962963 0.6697916666666667 0.5574074074074075 0.6625 0.5203703703703704 0.6625 0.45555555555555555 0.671875 0.39444444444444443 0.6739583333333333 0.3685185185185185 0.6635416666666667 0.34444444444444444 0.659375 0.31851851851851853 0.646875 0.3 0.5416666666666666 0.29259259259259257 0.5302083333333333 0.29259259259259257 0.5364583333333334 0.2796296296296296 0.546875 0.2722222222222222 0.5427083333333333 0.2740740740740741 0.5385416666666667 0.26481481481481484 0.5520833333333334 0.22962962962962963 0.56875 0.15925925925925927 0.59375 0.1388888888888889 0.6052083333333333 0.08888888888888889 0.6125 0.001851851851851852 0.6416666666666667
0 0.30925925925925923 0.40625 0.2962962962962963 0.40729166666666666 0.2962962962962963 0.4197916666666667 0.3055555555555556 0.44583333333333336 0.31296296296296294 0.45208333333333334 0.5148148148148148 0.465625 0.5444444444444444 0.4635416666666667 0.5518518518518518 0.459375 0.5592592592592592 0.46770833333333334 0.65 0.46979166666666666 0.6407407407407407 0.4635416666666667 0.6425925925925926 0.459375 0.6259259259259259 0.4375 0.6222222222222222 0.4395833333333333 0.6148148148148148 0.43125 0.5740740740740741 0.428125 0.5703703703703704 0.43125 0.5592592592592592 0.43020833333333336 0.5555555555555556 0.4354166666666667 0.55 0.428125 0.5425925925925926 0.43020833333333336 0.5351851851851852 0.425 0.5259259259259259 0.42604166666666665 0.524074074074074 0.421875 0.5185185185185185 0.4239583333333333 0.5037037037037037 0.42083333333333334 0.4962962962962963 0.425 0.48148148148148145 0.425 0.4777777777777778 0.41875 0.45555555555555555 0.41875 0.4462962962962963 0.41458333333333336 0.30925925925925923 0.40625
0 0.001851851851851852 0.6427083333333333 0 0.8135416666666667 0.005555555555555556 0.8239583333333333 0.05185185185185185 0.825 0.06481481481481481 0.8322916666666667 0.05925925925925926 0.875 0.06296296296296296 0.9104166666666667 0.1388888888888889 0.9104166666666667 0.1648148148148148 0.9177083333333333 0.17777777777777778 0.9177083333333333 0.1925925925925926 0.9114583333333334 0.21296296296296297 0.91875 0.2537037037037037 0.9197916666666667 0.3037037037037037 0.9166666666666666 0.34814814814814815 0.91875 0.37037037037037035 0.915625 0.40370370370370373 0.9177083333333333 0.42777777777777776 0.9125 0.45925925925925926 0.9145833333333333 0.4722222222222222 0.9104166666666667 0.4981481481481482 0.9145833333333333 0.5277777777777778 0.9104166666666667 0.6518518518518519 0.9072916666666667 0.7759259259259259 0.8947916666666667 0.8 0.896875 0.8796296296296297 0.8927083333333333 0.8962962962962963 0.8958333333333334 0.9333333333333333 0.890625 0.9407407407407408 0.8822916666666667 0.9611111111111111 0.884375 0.9907407407407407 0.8802083333333334 0.9888888888888889 0.76875 0.9574074074074074 0.7552083333333334 0.9074074074074074 0.7229166666666667 0.8981481481481481 0.7145833333333333 0.8944444444444445 0.7 0.8462962962962963 0.6708333333333333 0.8055555555555556 0.66875 0.774074074074074 0.6614583333333334 0.6907407407407408 0.6625 0.6574074074074074 0.6697916666666667 0.5907407407407408 0.6697916666666667 0.55 0.6625 0.5055555555555555 0.6645833333333333 0.4351851851851852 0.6739583333333333 0.3925925925925926 0.6739583333333333 0.3611111111111111 0.6625 0.34444444444444444 0.6614583333333334 0.31851851851851853 0.6479166666666667 0.2962962962962963 0.5520833333333334 0.26851851851851855 0.5520833333333334 0.25 0.5572916666666666 0.23333333333333334 0.5677083333333334 0.16296296296296298 0.5927083333333333 0.14074074074074075 0.6052083333333333 0.09074074074074075 0.6125 0.001851851851851852 0.6427083333333333
0 0.31851851851851853 0.403125 0.29259259259259257 0.403125 0.3074074074074074 0.453125 0.5722222222222222 0.4708333333333333 0.6555555555555556 0.47291666666666665 0.6592592592592592 0.46979166666666666 0.6703703703703704 0.46979166666666666 0.6555555555555556 0.46770833333333334 0.6277777777777778 0.434375 0.6111111111111112 0.4270833333333333 0.5592592592592592 0.425 0.45 0.4125 0.31851851851851853 0.403125
0 0.7018518518518518 0.47291666666666665 0 0
0 0.6851851851851852 0.46770833333333334 0.6814814814814815 0.46979166666666666 0.6888888888888889 0.47291666666666665 0.6851851851851852 0.46770833333333334
0 0.4888888888888889 0.41770833333333335 0.4759259259259259 0.41770833333333335 0.4703703703703704 0.42083333333333334 0.46296296296296297 0.41770833333333335 0.4777777777777778 0.4354166666666667 0.5148148148148148 0.4552083333333333 0.5259259259259259 0.4666666666666667 0.6518518518518519 0.4739583333333333 0.6759259259259259 0.4708333333333333 0.6555555555555556 0.4666666666666667 0.6185185185185185 0.42916666666666664 0.6074074074074074 0.42604166666666665 0.5388888888888889 0.4239583333333333 0.5259259259259259 0.4197916666666667 0.4888888888888889 0.41770833333333335