0 0.47962962962962963 0.409375 0.4759259259259259 0.4197916666666667 0.4925925925925926 0.43645833333333334 0.5148148148148148 0.44166666666666665 0.5333333333333333 0.459375 0.6462962962962963 0.465625 0.6648148148148149 0.4635416666666667 0.65 0.4427083333333333 0.6240740740740741 0.42083333333333334 0.6055555555555555 0.4166666666666667 0.5518518518518518 0.41770833333333335
0 0.8685185185185185 0.6572916666666667 0.8722222222222222 0.6677083333333333 0.924074074074074 0.6979166666666666 0.9277777777777778 0.7114583333333333 0.9351851851851852 0.7135416666666666 0.9425925925925925 0.7229166666666667 0.9777777777777777 0.7416666666666667 0.9833333333333333 0.7489583333333333 0.9907407407407407 0.75 0.9962962962962963 0.7302083333333333 0.9944444444444445 0.6458333333333334 0.9666666666666667 0.6458333333333334 0.9277777777777778 0.6322916666666667 0.9185185185185185 0.6322916666666667 0.9092592592592592 0.6427083333333333
0 0.3037037037037037 0.3958333333333333 0.29814814814814816 0.396875 0.29814814814814816 0.40625 0.31666666666666665 0.4479166666666667 0.37407407407407406 0.453125 0.49074074074074076 0.45625 0.4981481481481482 0.459375 0.524074074074074 0.459375 0.5277777777777778 0.45625 0.5148148148148148 0.4427083333333333 0.4981481481481482 0.43854166666666666 0.47962962962962963 0.4239583333333333 0.4703703703703704 0.40729166666666666
0 0.024074074074074074 0.8666666666666667 0.022222222222222223 0.875 0.027777777777777776 0.8739583333333333 0.027777777777777776 0.865625
0 0.001851851851851852 0.675 0 0.8125 0.03518518518518519 0.81875 0.07222222222222222 0.81875 0.08148148148148149 0.8229166666666666 0.08148148148148149 0.903125 0.1685185185185185 0.903125 0.19444444444444445 0.9072916666666667 0.2 0.9125 0.20555555555555555 0.9125 0.21296296296296297 0.9041666666666667 0.2222222222222222 0.909375 0.23703703703703705 0.9072916666666667 0.24444444444444444 0.9125 0.3314814814814815 0.909375 0.35555555555555557 0.9114583333333334 0.39444444444444443 0.9072916666666667 0.4185185185185185 0.909375 0.4888888888888889 0.9041666666666667 0.5111111111111111 0.9072916666666667 0.5592592592592592 0.9052083333333333 0.575925925925926 0.9083333333333333 0.6 0.903125 0.6259259259259259 0.9041666666666667 0.65 0.896875 0.7666666666666667 0.89375 0.8425925925925926 0.8854166666666666 0.8962962962962963 0.8864583333333333 0.9888888888888889 0.8770833333333333 0.9925925925925926 0.7864583333333334 0.987037037037037 0.7552083333333334 0.9259259259259259 0.715625 0.924074074074074 0.7052083333333333 0.8981481481481481 0.690625 0.8962962962962963 0.684375 0.8462962962962963 0.6552083333333333 0.812962962962963 0.6604166666666667 0.7796296296296297 0.653125 0.7314814814814815 0.6520833333333333 0.6925925925925925 0.65625 0.6796296296296296 0.6625 0.6462962962962963 0.6645833333333333 0.6129629629629629 0.6625 0.5777777777777777 0.6552083333333333 0.5055555555555555 0.65625 0.46296296296296297 0.6645833333333333 0.4074074074074074 0.6635416666666667 0.3425925925925926 0.646875 0.3277777777777778 0.6364583333333333 0.30925925925925923 0.5385416666666667 0.28888888888888886 0.5364583333333334 0.27037037037037037 0.55 0.1814814814814815 0.584375 0.1037037037037037 0.6052083333333333 0.014814814814814815 0.6364583333333333 0.007407407407407408 0.640625
0 0.6074074074074074 0.4552083333333333 0.6037037037037037 0.459375 0.6333333333333333 0.459375 0.6277777777777778 0.45625 0.6333333333333333 0.453125 0.6277777777777778 0.45 0.6296296296296297 0.44375 0.6222222222222222 0.440625 0.6185185185185185 0.45625
0 0.5351851851851852 0.440625 0.5333333333333333 0.45625 0.5425925925925926 0.45625
0 0.5666666666666667 0.44375 0.5666666666666667 0.459375 0.5944444444444444 0.459375 0.6018518518518519 0.44583333333333336 0.5981481481481481 0.440625 0.6074074074074074 0.43854166666666666 0.6 0.4395833333333333 0.6 0.4354166666666667 0.6129629629629629 0.43333333333333335 0.6129629629629629 0.4270833333333333 0.6037037037037037 0.42604166666666665 0.6018518518518519 0.421875 0.5944444444444444 0.434375 0.5740740740740741 0.4354166666666667 0.575925925925926 0.44375
0 0.3648148148148148 0.40208333333333335 0.3537037037037037 0.40520833333333334 0.35185185185185186 0.4114583333333333 0.3388888888888889 0.40625 0.3351851851851852 0.4125 0.3277777777777778 0.4083333333333333 0.31666666666666665 0.415625 0.3037037037037037 0.40520833333333334 0.31296296296296294 0.43854166666666666 0.32037037037037036 0.44583333333333336 0.45555555555555555 0.45625 0.5185185185185185 0.45625 0.512962962962963 0.44375 0.49444444444444446 0.43854166666666666 0.49444444444444446 0.42916666666666664 0.47962962962962963 0.4197916666666667 0.43703703703703706 0.42083333333333334 0.4203703703703704 0.4114583333333333 0.43148148148148147 0.40729166666666666 0.4074074074074074 0.40729166666666666 0.4 0.41041666666666665 0.3925925925925926 0.4041666666666667
0 0.3 0.396875 0.3 0.4114583333333333 0.31296296296296294 0.44479166666666664 0.32407407407407407 0.44895833333333335 0.6314814814814815 0.46458333333333335 0.6611111111111111 0.46458333333333335 0.6685185185185185 0.45729166666666665 0.6555555555555556 0.45208333333333334 0.6333333333333333 0.42604166666666665 0.6148148148148148 0.41875 0.5518518518518518 0.4166666666666667 0.37037037037037035 0.39895833333333336
0 0.001851851851851852 0.9885416666666667 0 0.984375 0 0.9947916666666666
0 0.003703703703703704 0.8302083333333333 0 0.9104166666666667 0.04259259259259259 0.909375 0.05185185185185185 0.903125 0.06111111111111111 0.8364583333333333 0.04259259259259259 0.83125