0 0.34814814814814815 0.42604166666666665 0.3537037037037037 0.44895833333333335 0.38333333333333336 0.45416666666666666 0.44074074074074077 0.4552083333333333 0.4962962962962963 0.46041666666666664 0.5611111111111111 0.46041666666666664 0.6425925925925926 0.4666666666666667 0.6888888888888889 0.46458333333333335 0.6814814814814815 0.45208333333333334 0.6574074074074074 0.440625 0.5518518518518518 0.43854166666666666 0.5388888888888889 0.434375 0.5111111111111111 0.4375 0.4703703703703704 0.43125 0.46111111111111114 0.4270833333333333 0.4203703703703704 0.42916666666666664 0.3851851851851852 0.425 0.34814814814814815 0.42604166666666665
0 0.06481481481481481 0.596875 0.03888888888888889 0.5979166666666667 0.03148148148148148 0.6010416666666667 0 0.5989583333333334 0 0.6572916666666667 0.02962962962962963 0.6614583333333334 0.05925925925925926 0.659375 0.07037037037037037 0.6135416666666667 0.07037037037037037 0.6 0.06481481481481481 0.596875
0 0.02962962962962963 0.5770833333333333 0.025925925925925925 0.5833333333333334 0.02962962962962963 0.5770833333333333
0 0.012962962962962963 0.5770833333333333 0.014814814814814815 0.58125 0.012962962962962963 0.5770833333333333
0 0.9111111111111111 0.6447916666666667 0.9092592592592592 0.6625 0.9722222222222222 0.6958333333333333 0.9814814814814815 0.70625 0.9907407407407407 0.7072916666666667 0.9962962962962963 0.6927083333333334 0.9944444444444445 0.64375 0.9629629629629629 0.6322916666666667 0.9111111111111111 0.6447916666666667
0 0.03333333333333333 0.8677083333333333 0.02962962962962963 0.9114583333333334 0.05185185185185185 0.9145833333333333 0.05555555555555555 0.9104166666666667 0.06296296296296296 0.9145833333333333 0.07592592592592592 0.9145833333333333 0.08148148148148149 0.9104166666666667 0.09259259259259259 0.9114583333333334 0.10925925925925926 0.9072916666666667 0.10925925925925926 0.8697916666666666 0.1 0.85625 0.07777777777777778 0.8541666666666666 0.06111111111111111 0.8458333333333333 0.040740740740740744 0.853125 0.03333333333333333 0.8677083333333333
0 0.9351851851851852 0.646875 0.9333333333333333 0.6541666666666667 0.9555555555555556 0.6552083333333333 0.9648148148148148 0.6625 0.9925925925925926 0.65625 0.9925925925925926 0.6479166666666667 0.9851851851851852 0.6489583333333333 0.9740740740740741 0.6447916666666667 0.9518518518518518 0.6427083333333333 0.937037037037037 0.64375 0.9351851851851852 0.646875
0 0.040740740740740744 0.8020833333333334 0.040740740740740744 0.825 0.13148148148148148 0.8270833333333333 0.14629629629629629 0.8333333333333334 0.14074074074074075 0.8739583333333333 0.14074074074074075 0.9072916666666667 0.14629629629629629 0.9114583333333334 0.20925925925925926 0.9125 0.22962962962962963 0.9145833333333333 0.23333333333333334 0.9177083333333333 0.2611111111111111 0.915625 0.3 0.925 0.38333333333333336 0.925 0.4351851851851852 0.9197916666666667 0.5888888888888889 0.9197916666666667 0.6185185185185185 0.915625 0.6537037037037037 0.9177083333333333 0.6648148148148149 0.9135416666666667 0.6777777777777778 0.915625 0.7074074074074074 0.9114583333333334 0.7333333333333333 0.9145833333333333 0.7407407407407407 0.9114583333333334 0.774074074074074 0.9114583333333334 0.8 0.90625 0.837037037037037 0.9072916666666667 0.8629629629629629 0.903125 0.9277777777777778 0.903125 0.9555555555555556 0.8979166666666667 0.9851851851851852 0.8979166666666667 0.9925925925925926 0.8854166666666666 0.9944444444444445 0.7677083333333333 0.987037037037037 0.7125 0.9796296296296296 0.703125 0.912962962962963 0.6677083333333333 0.9037037037037037 0.65 0.8648148148148148 0.646875 0.8444444444444444 0.6416666666666667 0.7907407407407407 0.6395833333333333 0.7407407407407407 0.640625 0.7314814814814815 0.64375 0.7018518518518518 0.640625 0.6592592592592592 0.6447916666666667 0.6277777777777778 0.6385416666666667 0.5796296296296296 0.6375 0.5092592592592593 0.6458333333333334 0.46296296296296297 0.64375 0.42777777777777776 0.6354166666666666 0.40925925925925927 0.634375 0.3814814814814815 0.6239583333333333 0.3592592592592593 0.5604166666666667 0.3 0.5708333333333333 0.25 0.5885416666666666 0.23148148148148148 0.5989583333333334 0.19074074074074074 0.6052083333333333 0.15925925925925927 0.6145833333333334 0.07222222222222222 0.6489583333333333 0.040740740740740744 0.8020833333333334
0 0.412962962962963 0.4510416666666667 0.40925925925925927 0.45208333333333334 0.4166666666666667 0.45208333333333334 0.412962962962963 0.4510416666666667
0 0.6574074074074074 0.44583333333333336 0.6481481481481481 0.44583333333333336 0.6574074074074074 0.44583333333333336
0 0.575925925925926 0.4427083333333333 0.5722222222222222 0.44583333333333336 0.5796296296296296 0.4479166666666667 0.5796296296296296 0.459375 0.6203703703703703 0.4625 0.6259259259259259 0.45729166666666665 0.6333333333333333 0.4625 0.6388888888888888 0.46041666666666664 0.6481481481481481 0.4635416666666667 0.6648148148148149 0.459375 0.6611111111111111 0.45416666666666666 0.6574074074074074 0.4583333333333333 0.65 0.453125 0.6370370370370371 0.45416666666666666 0.6277777777777778 0.4510416666666667 0.6314814814814815 0.446875 0.6444444444444445 0.44583333333333336 0.6296296296296297 0.44479166666666664 0.6203703703703703 0.4479166666666667 0.6185185185185185 0.4427083333333333 0.575925925925926 0.4427083333333333
0 0.3592592592592593 0.4427083333333333 0.35555555555555557 0.44166666666666665 0.35555555555555557 0.44583333333333336 0.3611111111111111 0.446875 0.3592592592592593 0.4427083333333333
0 0.44814814814814813 0.4479166666666667 0.4444444444444444 0.45208333333333334 0.4537037037037037 0.4510416666666667 0.45555555555555555 0.45625 0.5 0.45625 0.5055555555555555 0.45208333333333334 0.5185185185185185 0.45625 0.5222222222222223 0.45 0.5351851851851852 0.45416666666666666 0.5425925925925926 0.453125 0.5462962962962963 0.45729166666666665 0.5518518518518518 0.45416666666666666 0.5666666666666667 0.45625 0.5611111111111111 0.44479166666666664 0.5537037037037037 0.44583333333333336 0.5574074074074075 0.45416666666666666 0.5481481481481482 0.45416666666666666 0.5296296296296297 0.440625 0.47962962962962963 0.4427083333333333 0.4759259259259259 0.44583333333333336 0.48333333333333334 0.44895833333333335 0.4703703703703704 0.45416666666666666 0.45740740740740743 0.453125 0.44814814814814813 0.4479166666666667
0 0.4166666666666667 0.44166666666666665 0.4148148148148148 0.44583333333333336 0.42592592592592593 0.45208333333333334 0.43148148148148147 0.4395833333333333 0.4166666666666667 0.44166666666666665
0 0.4388888888888889 0.43854166666666666 0.4388888888888889 0.45208333333333334 0.4444444444444444 0.446875 0.4388888888888889 0.43854166666666666
0 0.3814814814814815 0.4375 0.37222222222222223 0.44895833333333335 0.40555555555555556 0.45208333333333334 0.4111111111111111 0.44375 0.40555555555555556 0.44166666666666665 0.4111111111111111 0.43854166666666666 0.4074074074074074 0.4354166666666667 0.39444444444444443 0.4427083333333333 0.3814814814814815 0.4375
0 0.43333333333333335 0.43125 0.42777777777777776 0.4322916666666667 0.43148148148148147 0.4354166666666667 0.4388888888888889 0.43333333333333335 0.43333333333333335 0.43125
0 0.3111111111111111 0.5458333333333333 0.30925925925925923 0.5604166666666667 0.31851851851851853 0.5635416666666667 0.3592592592592593 0.5572916666666666 0.3611111111111111 0.546875 0.34814814814814815 0.5052083333333334 0.3333333333333333 0.5114583333333333 0.3277777777777778 0.5291666666666667 0.32037037037037036 0.5322916666666667 0.3111111111111111 0.5458333333333333
0 0.34814814814814815 0.425 0.3537037037037037 0.45 0.37962962962962965 0.45416666666666666 0.43703703703703706 0.4552083333333333 0.49074074074074076 0.46041666666666664 0.5592592592592592 0.46041666666666664 0.6388888888888888 0.4666666666666667 0.6888888888888889 0.46458333333333335 0.6814814814814815 0.45208333333333334 0.6574074074074074 0.440625 0.5518518518518518 0.4395833333333333 0.5407407407407407 0.4354166666666667 0.5018518518518519 0.43645833333333334 0.46296296296296297 0.4270833333333333 0.34814814814814815 0.425