0 0.8740740740740741 0.646875 0.8685185185185185 0.653125 0.8703703703703703 0.6604166666666667 0.8944444444444445 0.6770833333333334 0.9111111111111111 0.68125 0.912962962962963 0.696875 0.95 0.7145833333333333 0.9722222222222222 0.7364583333333333 0.9833333333333333 0.7416666666666667 0.9925925925925926 0.7416666666666667 0.9944444444444445 0.6427083333333333 0.9629629629629629 0.6395833333333333 0.9203703703703704 0.625 0.8962962962962963 0.6416666666666667
0 0.47962962962962963 0.4041666666666667 0.4685185185185185 0.4041666666666667 0.4722222222222222 0.41354166666666664 0.5148148148148148 0.4427083333333333 0.5222222222222223 0.45208333333333334 0.5481481481481482 0.45416666666666666 0.5481481481481482 0.44895833333333335 0.5555555555555556 0.446875 0.5685185185185185 0.45625 0.7074074074074074 0.459375 0.7 0.44479166666666664 0.6888888888888889 0.440625 0.674074074074074 0.44166666666666665 0.6666666666666666 0.45416666666666666 0.6481481481481481 0.440625 0.6333333333333333 0.421875 0.6203703703703703 0.41458333333333336 0.5777777777777777 0.41041666666666665 0.5296296296296297 0.41041666666666665 0.5222222222222223 0.40729166666666666
0 0.018518518518518517 0.859375 0.012962962962962963 0.8739583333333333 0.005555555555555556 0.8739583333333333 0.012962962962962963 0.8927083333333333 0.027777777777777776 0.89375 0.02962962962962963 0.8614583333333333 0.03518518518518519 0.859375 0.027777777777777776 0.853125
0 0.9388888888888889 0.646875 0.937037037037037 0.6541666666666667 0.9407407407407408 0.6572916666666667 0.9518518518518518 0.65625 0.9574074074074074 0.6697916666666667 0.9611111111111111 0.6625 0.9537037037037037 0.6583333333333333 0.9648148148148148 0.6541666666666667 0.9629629629629629 0.64375 0.9444444444444444 0.6427083333333333 0.9462962962962963 0.6458333333333334
0 0.003703703703703704 0.6458333333333334 0 0.8104166666666667 0.06851851851851852 0.8125 0.08148148148148149 0.8166666666666667 0.08333333333333333 0.8979166666666667 0.16666666666666666 0.896875 0.1814814814814815 0.903125 0.18703703703703703 0.9 0.20185185185185187 0.9 0.21666666666666667 0.8927083333333333 0.23333333333333334 0.9041666666666667 0.2518518518518518 0.9083333333333333 0.27037037037037037 0.9052083333333333 0.3074074074074074 0.9072916666666667 0.3388888888888889 0.903125 0.4166666666666667 0.903125 0.4981481481481482 0.8958333333333334 0.5796296296296296 0.8958333333333334 0.5925925925925926 0.8916666666666667 0.6388888888888888 0.8927083333333333 0.6888888888888889 0.8875 0.7148148148148148 0.8895833333333333 0.7314814814814815 0.884375 0.7870370370370371 0.8822916666666667 0.8 0.8791666666666667 0.8203703703703704 0.88125 0.9222222222222223 0.8770833333333333 0.9907407407407407 0.865625 0.9888888888888889 0.75 0.9685185185185186 0.7375 0.9611111111111111 0.7260416666666667 0.9518518518518518 0.7229166666666667 0.95 0.715625 0.937037037037037 0.709375 0.9222222222222223 0.6885416666666667 0.8981481481481481 0.6760416666666667 0.8907407407407407 0.665625 0.8740740740740741 0.6625 0.8462962962962963 0.65 0.8092592592592592 0.6520833333333333 0.7759259259259259 0.646875 0.7129629629629629 0.646875 0.6796296296296296 0.6552083333333333 0.6148148148148148 0.6572916666666667 0.5740740740740741 0.6489583333333333 0.5166666666666667 0.6479166666666667 0.49444444444444446 0.6510416666666666 0.4740740740740741 0.6583333333333333 0.4074074074074074 0.659375 0.34444444444444444 0.64375 0.3296296296296296 0.634375 0.32037037037037036 0.6135416666666667 0.30925925925925923 0.5395833333333333 0.3037037037037037 0.540625 0.28888888888888886 0.528125 0.28888888888888886 0.534375 0.2777777777777778 0.5427083333333333 0.26851851851851855 0.5427083333333333 0.24444444444444444 0.5552083333333333 0.2222222222222222 0.5604166666666667 0.14814814814814814 0.590625 0.11851851851851852 0.5947916666666667 0.027777777777777776 0.6260416666666667 0.007407407407407408 0.6354166666666666
0 0.32037037037037036 0.43645833333333334 0.31851851851851853 0.43854166666666666 0.3314814814814815 0.43854166666666666
0 0.5407407407407407 0.43125 0.5388888888888889 0.42916666666666664 0.5388888888888889 0.43333333333333335
0 0.5481481481481482 0.425 0.5537037037037037 0.4270833333333333 0.5444444444444444 0.4354166666666667 0.5444444444444444 0.45 0.55 0.453125 0.6148148148148148 0.453125 0.6370370370370371 0.45625 0.6333333333333333 0.4510416666666667 0.6407407407407407 0.45 0.6555555555555556 0.4552083333333333 0.6462962962962963 0.44479166666666664 0.6407407407407407 0.446875 0.6351851851851852 0.44166666666666665 0.6296296296296297 0.44583333333333336 0.6203703703703703 0.44166666666666665 0.6148148148148148 0.4354166666666667 0.6203703703703703 0.425 0.6166666666666667 0.41770833333333335 0.6055555555555555 0.4270833333333333 0.6018518518518519 0.421875 0.5888888888888889 0.41770833333333335 0.5796296296296296 0.425 0.575925925925926 0.43645833333333334 0.5685185185185185 0.43333333333333335 0.5592592592592592 0.43645833333333334 0.5537037037037037 0.42291666666666666
0 0.30185185185185187 0.4010416666666667 0.3111111111111111 0.41458333333333336 0.3055555555555556 0.41770833333333335 0.31296296296296294 0.4197916666666667 0.3148148148148148 0.415625
0 0.337037037037037 0.4114583333333333 0.34074074074074073 0.4427083333333333 0.47962962962962963 0.4510416666666667 0.5314814814814814 0.44895833333333335 0.5185185185185185 0.4427083333333333 0.5222222222222223 0.43854166666666666 0.5166666666666667 0.44166666666666665 0.5111111111111111 0.4395833333333333 0.5074074074074074 0.4354166666666667 0.512962962962963 0.43125 0.5074074074074074 0.4239583333333333 0.5 0.428125 0.49074074074074076 0.428125 0.4777777777777778 0.4166666666666667 0.4648148148148148 0.41770833333333335 0.46296296296296297 0.4041666666666667 0.45740740740740743 0.40729166666666666 0.4444444444444444 0.4041666666666667 0.43703703703703706 0.4083333333333333 0.4203703703703704 0.403125 0.412962962962963 0.40729166666666666 0.4074074074074074 0.40520833333333334 0.40925925925925927 0.4 0.4074074074074074 0.403125 0.39444444444444443 0.39895833333333336 0.38333333333333336 0.4083333333333333 0.37592592592592594 0.40520833333333334 0.37962962962962965 0.403125 0.3685185185185185 0.40520833333333334 0.3685185185185185 0.396875 0.3648148148148148 0.40729166666666666 0.3574074074074074 0.403125 0.35 0.4114583333333333 0.34444444444444444 0.41354166666666664 0.34074074074074073 0.4083333333333333
0 0.020370370370370372 0.8677083333333333 0.027777777777777776 0.8770833333333333 0.025925925925925925 0.86875
0 0.005555555555555556 0.6427083333333333 0.007407407407407408 0.665625 0 0.6958333333333333 0.007407407407407408 0.7125 0.001851851851851852 0.7447916666666666 0.007407407407407408 0.7791666666666667 0 0.7885416666666667 0 0.809375 0.04259259259259259 0.8135416666666667 0.06851851851851852 0.8125 0.08148148148148149 0.8166666666666667 0.08518518518518518 0.8364583333333333 0.07962962962962963 0.8927083333333333 0.08518518518518518 0.8979166666666667 0.1685185185185185 0.896875 0.18333333333333332 0.9 0.20185185185185187 0.8979166666666667 0.21666666666666667 0.890625 0.24814814814814815 0.9072916666666667 0.3888888888888889 0.9010416666666666 0.4111111111111111 0.903125 0.4962962962962963 0.8947916666666667 0.5111111111111111 0.8979166666666667 0.5370370370370371 0.89375 0.5703703703703704 0.8958333333333334 0.5907407407407408 0.890625 0.6296296296296297 0.8927083333333333 0.6574074074074074 0.8875 0.7148148148148148 0.8875 0.7333333333333333 0.8833333333333333 0.7851851851851852 0.8822916666666667 0.7981481481481482 0.8791666666666667 0.9259259259259259 0.8760416666666667 0.9888888888888889 0.865625 0.9888888888888889 0.75 0.9648148148148148 0.7375 0.9462962962962963 0.7177083333333333 0.912962962962963 0.7020833333333333 0.9037037037037037 0.6927083333333334 0.9074074074074074 0.6875 0.9018518518518519 0.6895833333333333 0.8962962962962963 0.6864583333333333 0.8907407407407407 0.675 0.8444444444444444 0.6510416666666666 0.8074074074074075 0.6520833333333333 0.7722222222222223 0.646875 0.7166666666666667 0.646875 0.674074074074074 0.65625 0.6074074074074074 0.6572916666666667 0.5777777777777777 0.65 0.5518518518518518 0.6520833333333333 0.5148148148148148 0.6489583333333333 0.48518518518518516 0.6541666666666667 0.4740740740740741 0.659375 0.40185185185185185 0.6583333333333333 0.34444444444444444 0.6447916666666667 0.32407407407407407 0.6291666666666667 0.31296296296296294 0.5552083333333333 0.3055555555555556 0.5447916666666667 0.26296296296296295 0.5458333333333333 0.24444444444444444 0.55625 0.22962962962962963 0.5583333333333333 0.15185185185185185 0.590625 0.12037037037037036 0.5947916666666667 0.07037037037037037 0.6145833333333334 0.027777777777777776 0.6260416666666667 0.007407407407407408 0.6364583333333333
0 0.29814814814814816 0.39166666666666666 0.29444444444444445 0.39791666666666664 0.3055555555555556 0.428125 0.31296296296296294 0.440625 0.32037037037037036 0.4427083333333333 0.48703703703703705 0.453125 0.5351851851851852 0.453125 0.5481481481481482 0.45625 0.6537037037037037 0.4583333333333333 0.662962962962963 0.453125 0.6703703703703704 0.459375 0.7074074074074074 0.459375 0.6888888888888889 0.4322916666666667 0.6777777777777778 0.43333333333333335 0.6759259259259259 0.446875 0.6703703703703704 0.453125 0.662962962962963 0.45208333333333334 0.6296296296296297 0.41875 0.6148148148148148 0.41354166666666664 0.5296296296296297 0.409375 0.4185185185185185 0.396875