0 0.8666666666666667 0.6635416666666667 0.8648148148148148 0.6739583333333333 0.9111111111111111 0.7 0.9166666666666666 0.715625 0.9259259259259259 0.7229166666666667 0.9648148148148148 0.7416666666666667 0.9796296296296296 0.7583333333333333 0.9925925925925926 0.7604166666666666 0.9944444444444445 0.65625 0.9666666666666667 0.65625 0.9185185185185185 0.640625 0.9037037037037037 0.6541666666666667 0.8666666666666667 0.6635416666666667
0 0.009259259259259259 0.8791666666666667 0.007407407407407408 0.8833333333333333 0.012962962962962963 0.8864583333333333 0.007407407407407408 0.89375 0.014814814814814815 0.8947916666666667 0.007407407407407408 0.9 0.014814814814814815 0.9041666666666667 0.016666666666666666 0.89375 0.03518518518518519 0.8947916666666667 0.037037037037037035 0.8833333333333333 0.025925925925925925 0.8697916666666666 0.020370370370370372 0.8802083333333334 0.014814814814814815 0.8760416666666667 0.009259259259259259 0.8791666666666667
0 0.937037037037037 0.7166666666666667 0.9333333333333333 0.7177083333333333 0.937037037037037 0.7166666666666667
0 0.9018518518518519 0.6625 0.9 0.66875 0.9185185185185185 0.6677083333333333 0.9166666666666666 0.65625 0.9018518518518519 0.6625
0 0.001851851851851852 0.6489583333333333 0.003703703703703704 0.8197916666666667 0.005555555555555556 0.8239583333333333 0.06481481481481481 0.825 0.07777777777777778 0.8302083333333333 0.07222222222222222 0.8979166666666667 0.07592592592592592 0.9114583333333334 0.16111111111111112 0.9114583333333334 0.17592592592592593 0.9177083333333333 0.1962962962962963 0.9135416666666667 0.2074074074074074 0.9177083333333333 0.26851851851851855 0.921875 0.37592592592592594 0.9166666666666666 0.4388888888888889 0.91875 0.47962962962962963 0.9145833333333333 0.5111111111111111 0.9177083333333333 0.5407407407407407 0.9125 0.5611111111111111 0.9145833333333333 0.7129629629629629 0.9041666666666667 0.7462962962962963 0.9052083333333333 0.7981481481481482 0.8979166666666667 0.9462962962962963 0.8947916666666667 0.9629629629629629 0.8895833333333333 0.987037037037037 0.8895833333333333 0.9944444444444445 0.8697916666666666 0.9907407407407407 0.7666666666666667 0.9648148148148148 0.7520833333333333 0.9629629629629629 0.74375 0.9518518518518518 0.7375 0.9462962962962963 0.7270833333333333 0.9259259259259259 0.7229166666666667 0.9296296296296296 0.709375 0.924074074074074 0.7114583333333333 0.9166666666666666 0.7020833333333333 0.8759259259259259 0.684375 0.8555555555555555 0.6708333333333333 0.7592592592592593 0.6614583333333334 0.7129629629629629 0.6625 0.6555555555555556 0.6708333333333333 0.6074074074074074 0.6708333333333333 0.5574074074074075 0.6625 0.5092592592592593 0.6635416666666667 0.45185185185185184 0.6729166666666667 0.4 0.671875 0.3814814814814815 0.6645833333333333 0.35185185185185186 0.665625 0.32592592592592595 0.64375 0.31296296296296294 0.5572916666666666 0.29444444444444445 0.553125 0.29444444444444445 0.5458333333333333 0.28888888888888886 0.5427083333333333 0.2796296296296296 0.546875 0.2833333333333333 0.553125 0.2777777777777778 0.5572916666666666 0.2537037037037037 0.559375 0.1814814814814815 0.5895833333333333 0.1 0.6114583333333333 0.007407407407407408 0.64375 0.001851851851851852 0.6489583333333333
0 0.28888888888888886 0.5208333333333334 0.2851851851851852 0.5260416666666666 0.3 0.5270833333333333 0.29259259259259257 0.534375 0.2851851851851852 0.534375 0.3 0.5395833333333333 0.3 0.5364583333333334 0.30925925925925923 0.5354166666666667 0.3074074074074074 0.5291666666666667 0.30185185185185187 0.528125 0.29814814814814816 0.51875 0.29259259259259257 0.5177083333333333 0.28888888888888886 0.5208333333333334
0 0.6814814814814815 0.46979166666666666 0.6777777777777778 0.4708333333333333 0.6814814814814815 0.46979166666666666
0 0.5092592592592593 0.421875 0.5037037037037037 0.421875 0.5037037037037037 0.42604166666666665 0.5092592592592593 0.421875
0 0.3074074074074074 0.4125 0.31666666666666665 0.44895833333333335 0.3277777777777778 0.453125 0.4462962962962963 0.459375 0.45925925925925926 0.4625 0.512962962962963 0.4625 0.5425925925925926 0.4666666666666667 0.5666666666666667 0.46458333333333335 0.5722222222222222 0.46770833333333334 0.5907407407407408 0.4666666666666667 0.6240740740740741 0.4708333333333333 0.6611111111111111 0.46979166666666666 0.6537037037037037 0.4666666666666667 0.6574074074074074 0.459375 0.6481481481481481 0.4583333333333333 0.6462962962962963 0.45208333333333334 0.6425925925925926 0.45416666666666666 0.6370370370370371 0.44895833333333335 0.6407407407407407 0.4479166666666667 0.6314814814814815 0.44583333333333336 0.6296296296296297 0.43645833333333334 0.6185185185185185 0.4322916666666667 0.6074074074074074 0.43645833333333334 0.5925925925925926 0.428125 0.5574074074074075 0.42916666666666664 0.5462962962962963 0.425 0.5259259259259259 0.425 0.5092592592592593 0.4270833333333333 0.512962962962963 0.43645833333333334 0.5074074074074074 0.4375 0.4888888888888889 0.4322916666666667 0.49444444444444446 0.42604166666666665 0.49074074074074076 0.41875 0.48148148148148145 0.421875 0.4759259259259259 0.41770833333333335 0.4722222222222222 0.4197916666666667 0.48333333333333334 0.4270833333333333 0.4666666666666667 0.4270833333333333 0.45740740740740743 0.43333333333333335 0.45185185185185184 0.42916666666666664 0.45185185185185184 0.4166666666666667 0.44074074074074077 0.42083333333333334 0.4351851851851852 0.41458333333333336 0.43148148148148147 0.41770833333333335 0.4166666666666667 0.4114583333333333 0.3907407407407407 0.41041666666666665 0.3814814814814815 0.41354166666666664 0.3685185185185185 0.40729166666666666 0.3425925925925926 0.40729166666666666 0.337037037037037 0.4083333333333333 0.3333333333333333 0.41875 0.32592592592592595 0.409375 0.32407407407407407 0.41354166666666664 0.3074074074074074 0.4125
0 0.025925925925925925 0.8864583333333333 0.024074074074074074 0.8895833333333333 0.025925925925925925 0.8864583333333333
0 0.003703703703703704 0.6510416666666666 0.007407407407407408 0.6958333333333333 0.012962962962962963 0.7052083333333333 0 0.7572916666666667 0.005555555555555556 0.8197916666666667 0.024074074074074074 0.825 0.06666666666666667 0.825 0.07962962962962963 0.8322916666666667 0.07407407407407407 0.8666666666666667 0.07592592592592592 0.9104166666666667 0.16111111111111112 0.9104166666666667 0.1814814814814815 0.9166666666666666 0.20555555555555555 0.9104166666666667 0.20925925925925926 0.9145833333333333 0.22592592592592592 0.91875 0.2740740740740741 0.9208333333333333 0.32592592592592595 0.9166666666666666 0.4425925925925926 0.9177083333333333 0.48518518518518516 0.9135416666666667 0.5111111111111111 0.9166666666666666 0.5425925925925926 0.9114583333333334 0.5648148148148148 0.9135416666666667 0.7148148148148148 0.903125 0.7407407407407407 0.9052083333333333 0.7796296296296297 0.9020833333333333 0.7925925925925926 0.8979166666666667 0.9444444444444444 0.8947916666666667 0.9555555555555556 0.8895833333333333 0.987037037037037 0.8875 0.9944444444444445 0.86875 0.9925925925925926 0.7697916666666667 0.9648148148148148 0.753125 0.9462962962962963 0.7333333333333333 0.9259259259259259 0.7302083333333333 0.912962962962963 0.715625 0.9074074074074074 0.6989583333333333 0.9 0.6989583333333333 0.8555555555555555 0.671875 0.762962962962963 0.6625 0.7166666666666667 0.6625 0.6574074074074074 0.671875 0.6018518518518519 0.6708333333333333 0.5574074074074075 0.6635416666666667 0.5074074074074074 0.6645833333333333 0.4666666666666667 0.6729166666666667 0.39444444444444443 0.671875 0.37592592592592594 0.665625 0.35 0.6666666666666666 0.32407407407407407 0.640625 0.31296296296296294 0.5625 0.30185185185185187 0.5572916666666666 0.25 0.5614583333333333 0.2222222222222222 0.5760416666666667 0.16296296296296298 0.59375 0.15 0.6010416666666667 0.11481481481481481 0.6072916666666667 0.027777777777777776 0.6364583333333333 0.003703703703703704 0.6510416666666666
0 0.30185185185185187 0.4041666666666667 0.31296296296296294 0.4510416666666667 0.32222222222222224 0.45416666666666666 0.55 0.46979166666666666 0.6333333333333333 0.47291666666666665 0.6703703703703704 0.4708333333333333 0.6333333333333333 0.4322916666666667 0.6166666666666667 0.42604166666666665 0.5518518518518518 0.4239583333333333 0.5351851851851852 0.4197916666666667 0.37592592592592594 0.40625 0.30185185185185187 0.4041666666666667