0 0.024074074074074074 0.8364583333333333 0 0.8364583333333333 0.003703703703703704 0.9166666666666666 0.03148148148148148 0.9135416666666667 0.03888888888888889 0.9020833333333333 0.046296296296296294 0.840625 0.024074074074074074 0.8364583333333333
0 0.8592592592592593 0.6645833333333333 0.8592592592592593 0.675 0.9148148148148149 0.7072916666666667 0.9259259259259259 0.7166666666666667 0.9277777777777778 0.725 0.9481481481481482 0.7333333333333333 0.9555555555555556 0.74375 0.9833333333333333 0.7604166666666666 0.9925925925925926 0.7604166666666666 0.9944444444444445 0.65625 0.9629629629629629 0.6572916666666667 0.924074074074074 0.6427083333333333 0.9111111111111111 0.6416666666666667 0.9 0.6541666666666667 0.8592592592592593 0.6645833333333333
0 0.027777777777777776 0.8729166666666667 0.024074074074074074 0.8760416666666667 0.027777777777777776 0.8729166666666667
0 0.9425925925925925 0.690625 0.9444444444444444 0.696875 0.9425925925925925 0.690625
0 0.9074074074074074 0.6510416666666666 0.9055555555555556 0.6677083333333333 0.9166666666666666 0.6760416666666667 0.924074074074074 0.6708333333333333 0.9259259259259259 0.6510416666666666 0.9185185185185185 0.646875 0.9074074074074074 0.6510416666666666
0 0.020370370370370372 0.6364583333333333 0 0.646875 0 0.696875 0.005555555555555556 0.7041666666666667 0 0.7302083333333333 0.001851851851851852 0.821875 0.009259259259259259 0.825 0.05925925925925926 0.825 0.06851851851851852 0.83125 0.06111111111111111 0.89375 0.06481481481481481 0.9104166666666667 0.1537037037037037 0.9104166666666667 0.16296296296296298 0.9135416666666667 0.1962962962962963 0.9114583333333334 0.2111111111111111 0.9177083333333333 0.26296296296296295 0.9197916666666667 0.3074074074074074 0.9166666666666666 0.3962962962962963 0.9177083333333333 0.48148148148148145 0.9114583333333334 0.49444444444444446 0.9145833333333333 0.5351851851851852 0.9135416666666667 0.5925925925925926 0.9083333333333333 0.6981481481481482 0.9072916666666667 0.8037037037037037 0.8958333333333334 0.8962962962962963 0.8958333333333334 0.9462962962962963 0.8885416666666667 0.9777777777777777 0.8875 0.9907407407407407 0.88125 0.9888888888888889 0.7666666666666667 0.9537037037037037 0.746875 0.9518518518518518 0.7208333333333333 0.9092592592592592 0.7041666666666667 0.8462962962962963 0.6697916666666667 0.8185185185185185 0.6697916666666667 0.7777777777777778 0.6614583333333334 0.6925925925925925 0.6625 0.6574074074074074 0.6697916666666667 0.6018518518518519 0.6697916666666667 0.5407407407407407 0.6614583333333334 0.4925925925925926 0.6645833333333333 0.46296296296296297 0.671875 0.4074074074074074 0.6739583333333333 0.3574074074074074 0.6635416666666667 0.34444444444444444 0.6645833333333333 0.31666666666666665 0.6416666666666667 0.3111111111111111 0.5791666666666667 0.30185185185185187 0.55625 0.28888888888888886 0.5427083333333333 0.2833333333333333 0.5510416666666667 0.2722222222222222 0.5510416666666667 0.24814814814814815 0.559375 0.20185185185185187 0.5802083333333333 0.14074074074074075 0.6010416666666667 0.11851851851851852 0.603125 0.08703703703703704 0.6125 0.020370370370370372 0.6364583333333333
0 0.29074074074074074 0.5114583333333333 0.29259259259259257 0.51875 0.29074074074074074 0.5114583333333333
0 0.6537037037037037 0.46770833333333334 0.6518518518518519 0.46979166666666666 0.6537037037037037 0.46770833333333334
0 0.39444444444444443 0.4114583333333333 0.3888888888888889 0.4114583333333333 0.39444444444444443 0.4114583333333333
0 0.37407407407407406 0.4114583333333333 0.3685185185185185 0.41041666666666665 0.37592592592592594 0.41354166666666664 0.37407407407407406 0.4114583333333333
0 0.3611111111111111 0.40729166666666666 0.34074074074074073 0.40729166666666666 0.3351851851851852 0.41041666666666665 0.32407407407407407 0.40729166666666666 0.32222222222222224 0.41041666666666665 0.3074074074074074 0.4114583333333333 0.29814814814814816 0.40729166666666666 0.29814814814814816 0.4114583333333333 0.3055555555555556 0.4125 0.30185185185185187 0.421875 0.30925925925925923 0.4239583333333333 0.3037037037037037 0.42916666666666664 0.3055555555555556 0.4354166666666667 0.32222222222222224 0.45208333333333334 0.48333333333333334 0.4635416666666667 0.5351851851851852 0.4635416666666667 0.5537037037037037 0.46770833333333334 0.6055555555555555 0.4666666666666667 0.6425925925925926 0.46979166666666666 0.6407407407407407 0.46145833333333336 0.6462962962962963 0.459375 0.6259259259259259 0.45 0.6333333333333333 0.44479166666666664 0.6166666666666667 0.43125 0.5944444444444444 0.4354166666666667 0.5907407407407408 0.428125 0.5574074074074075 0.428125 0.5555555555555556 0.43333333333333335 0.5425925925925926 0.425 0.5203703703703704 0.4270833333333333 0.5203703703703704 0.421875 0.5111111111111111 0.4239583333333333 0.5074074074074074 0.42083333333333334 0.4888888888888889 0.42083333333333334 0.48703703703703705 0.425 0.47962962962962963 0.41770833333333335 0.4703703703703704 0.4197916666666667 0.46296296296296297 0.4166666666666667 0.45740740740740743 0.42083333333333334 0.4388888888888889 0.42083333333333334 0.43333333333333335 0.41770833333333335 0.43703703703703706 0.41458333333333336 0.4166666666666667 0.4114583333333333 0.4074074074074074 0.4114583333333333 0.4074074074074074 0.41875 0.387037037037037 0.425 0.38333333333333336 0.421875 0.362962962962963 0.421875 0.3574074074074074 0.41875 0.3611111111111111 0.40729166666666666
0 0.9111111111111111 0.6510416666666666 0.9092592592592592 0.6677083333333333 0.9166666666666666 0.6739583333333333 0.9203703703703704 0.6586802083333333 0.9111111111111111 0.6572916666666667 0.9203703703703704 0.653125 0.9185185185185185 0.6489583333333333 0.9111111111111111 0.6510416666666666
0 0.001851851851851852 0.65 0.001851851851851852 0.696875 0.005555555555555556 0.7125 0.014814814814814815 0.7208333333333333 0.007407407407407408 0.728125 0.003703703703703704 0.7447916666666666 0.003703703703703704 0.8208333333333333 0.014814814814814815 0.825 0.05925925925925926 0.825 0.06851851851851852 0.83125 0.06296296296296296 0.8822916666666667 0.06666666666666667 0.9104166666666667 0.18703703703703703 0.9125 0.20185185185185187 0.909375 0.21296296296296297 0.9177083333333333 0.22592592592592592 0.91875 0.2722222222222222 0.9197916666666667 0.3074074074074074 0.915625 0.35185185185185186 0.91875 0.3685185185185185 0.915625 0.40370370370370373 0.9166666666666666 0.4722222222222222 0.9114583333333334 0.562962962962963 0.9114583333333334 0.5944444444444444 0.9072916666666667 0.6944444444444444 0.9072916666666667 0.7333333333333333 0.9010416666666666 0.7648148148148148 0.9010416666666666 0.8037037037037037 0.8958333333333334 0.8962962962962963 0.8958333333333334 0.9314814814814815 0.8927083333333333 0.9629629629629629 0.8854166666666666 0.9796296296296296 0.8864583333333333 0.9907407407407407 0.8802083333333334 0.9888888888888889 0.7677083333333333 0.9518518518518518 0.75 0.9444444444444444 0.7270833333333333 0.9259259259259259 0.7208333333333333 0.8962962962962963 0.6989583333333333 0.8462962962962963 0.6708333333333333 0.8166666666666667 0.6697916666666667 0.774074074074074 0.6614583333333334 0.6962962962962963 0.6625 0.6592592592592592 0.6708333333333333 0.6 0.6697916666666667 0.5537037037037037 0.6625 0.5333333333333333 0.6625 0.5148148148148148 0.6666666666666666 0.49444444444444446 0.665625 0.4666666666666667 0.671875 0.4111111111111111 0.675 0.37592592592592594 0.6677083333333333 0.34444444444444444 0.665625 0.31666666666666665 0.64375 0.30925925925925923 0.575 0.29444444444444445 0.55625 0.25 0.559375 0.20185185185185187 0.58125 0.18518518518518517 0.584375 0.1388888888888889 0.603125 0.11666666666666667 0.6041666666666666 0.06111111111111111 0.625 0.040740740740740744 0.6291666666666667 0.016666666666666666 0.6385416666666667 0.001851851851851852 0.65
0 0.2962962962962963 0.403125 0.29444444444444445 0.41354166666666664 0.3055555555555556 0.446875 0.31666666666666665 0.45416666666666666 0.5777777777777777 0.4708333333333333 0.65 0.47291666666666665 0.6592592592592592 0.46770833333333334 0.6648148148148149 0.46979166666666666 0.662962962962963 0.47291666666666665 0.6703703703703704 0.4708333333333333 0.6574074074074074 0.465625 0.6259259259259259 0.43125 0.6111111111111112 0.42604166666666665 0.5555555555555556 0.4239583333333333 0.4722222222222222 0.41354166666666664 0.3648148148148148 0.40520833333333334 0.2962962962962963 0.403125