0 0.07407407407407407 0.81640625 0.0625 0.81640625 0.07407407407407407 0.81640625
0 0.08101851851851852 0.8033854166666666 0.0787037037037037 0.8072916666666666 0.08101851851851852 0.8033854166666666
0 0.03935185185185185 0.8046875 0 0
0 0.04861111111111111 0.80078125 0.046296296296296294 0.8072916666666666 0.05555555555555555 0.80859375 0.05787037037037037 0.8046875 0.04861111111111111 0.80078125
0 0.12268518518518519 0.7916666666666666 0 0
0 0.09027777777777778 0.796875 0.09027777777777778 0.8203125 0.11574074074074074 0.8216145833333334 0.11574074074074074 0.79296875 0.10416666666666667 0.7890625 0.11342592592592593 0.7994791666666666 0.09722222222222222 0.8072916666666666 0.09027777777777778 0.796875
0 0.0625 0.76953125 0.0625 0.78125 0.0625 0.76953125
0 0.09027777777777778 0.7643229166666666 0 0
0 0.15046296296296297 0.6276041666666666 0.14583333333333334 0.6536458333333334 0.1550925925925926 0.66796875 0.38425925925925924 0.8567708333333334 0.4050925925925926 0.8606770833333334 0.47453703703703703 0.8619791666666666 0.4837962962962963 0.85546875 0.5185185185185185 0.8606770833333334 0.5393518518518519 0.8541666666666666 0.6041666666666666 0.8502604166666666 0.6296296296296297 0.8346354166666666 0.6342592592592593 0.82421875 0.6435185185185185 0.82421875 0.6527777777777778 0.8098958333333334 0.6597222222222222 0.8138020833333334 0.6782407407407407 0.8138020833333334 0.7106481481481481 0.8059895833333334 0.6782407407407407 0.7916666666666666 0.6689814814814815 0.7955729166666666 0.6597222222222222 0.79296875 0.6620370370370371 0.7747395833333334 0.6481481481481481 0.76171875 0.6550925925925926 0.71875 0.6643518518518519 0.7135416666666666 0.6620370370370371 0.7018229166666666 0.6736111111111112 0.6953125 0.6620370370370371 0.6744791666666666 0.6736111111111112 0.6328125 0.6666666666666666 0.6158854166666666 0.6481481481481481 0.6184895833333334 0.625 0.62890625 0.5972222222222222 0.6263020833333334 0.5833333333333334 0.6302083333333334 0.5462962962962963 0.6302083333333334 0.45601851851851855 0.61328125 0.3726851851851852 0.6197916666666666 0.3055555555555556 0.6041666666666666 0.24537037037037038 0.6015625 0.18518518518518517 0.6145833333333334 0.1597222222222222 0.61328125 0.15046296296296297 0.6276041666666666
0 0.2199074074074074 0.39453125 0.2013888888888889 0.4075520833333333 0.20601851851851852 0.4049479166666667 0.24074074074074073 0.41015625 0.45601851851851855 0.4140625 0.6550925925925926 0.4140625 0.8032407407407407 0.2877604166666667 0.8379629629629629 0.2552083333333333 0.8425925925925926 0.2421875 0.8217592592592593 0.234375 0.7222222222222222 0.22135416666666666 0.6157407407407407 0.23046875 0.5578703703703703 0.24609375 0.49537037037037035 0.26953125 0.4537037037037037 0.2955729166666667 0.4398148148148148 0.31640625 0.42824074074074076 0.3229166666666667 0.37037037037037035 0.3411458333333333 0.3333333333333333 0.33984375 0.3148148148148148 0.3567708333333333 0.27546296296296297 0.3684895833333333 0.2638888888888889 0.3802083333333333 0.24768518518518517 0.3802083333333333 0.2199074074074074 0.39453125
0 0.2013888888888889 0.4036458333333333 0.19907407407407407 0.4075520833333333 0.2152777777777778 0.41015625 0.22916666666666666 0.4075520833333333 0.2569444444444444 0.4114583333333333 0.6527777777777778 0.4153645833333333 0.8263888888888888 0.2669270833333333 0.8449074074074074 0.2421875 0.8287037037037037 0.234375 0.7268518518518519 0.22135416666666666 0.6712962962962963 0.22265625 0.6111111111111112 0.23046875 0.5 0.2669270833333333 0.4513888888888889 0.29296875 0.4305555555555556 0.3216145833333333 0.38425925925925924 0.3372395833333333 0.375 0.3307291666666667 0.36574074074074076 0.3372395833333333 0.3472222222222222 0.3359375 0.33101851851851855 0.33984375 0.3148148148148148 0.3541666666666667 0.27546296296296297 0.3645833333333333 0.2013888888888889 0.4036458333333333