0 0.625 0.34375 0.625 0.3489583333333333 0.625 0.34375
0 0.4722222222222222 0.2799479166666667 0.4699074074074074 0.29296875 0.4861111111111111 0.2981770833333333 0.5115740740740741 0.2877604166666667 0.5416666666666666 0.2864583333333333 0.5671296296296297 0.27734375 0.6087962962962963 0.2786458333333333 0.6666666666666666 0.2994791666666667 0.6759259259259259 0.2994791666666667 0.6782407407407407 0.2942708333333333 0.6898148148148148 0.2955729166666667 0.7037037037037037 0.3072916666666667 0.7569444444444444 0.3229166666666667 0.8055555555555556 0.28515625 0.8472222222222222 0.24479166666666666 0.8495370370370371 0.234375 0.7708333333333334 0.21875 0.7199074074074074 0.21614583333333334 0.6458333333333334 0.22005208333333334 0.5509259259259259 0.2421875 0.4722222222222222 0.2799479166666667
0 0.013888888888888888 0.7473958333333334 0.009259259259259259 0.7513020833333334 0.018518518518518517 0.7591145833333334 0.027777777777777776 0.7890625 0.10416666666666667 0.8125 0.16203703703703703 0.8138020833333334 0.1597222222222222 0.8059895833333334 0.11342592592592593 0.7643229166666666 0.07407407407407407 0.7356770833333334 0.03935185185185185 0.734375 0.013888888888888888 0.7473958333333334
0 0.1527777777777778 0.63671875 0.15046296296296297 0.6575520833333334 0.16435185185185186 0.6731770833333334 0.36574074074074076 0.8385416666666666 0.4097222222222222 0.8424479166666666 0.4236111111111111 0.84765625 0.44675925925925924 0.8463541666666666 0.48842592592592593 0.8515625 0.5092592592592593 0.8450520833333334 0.6018518518518519 0.8372395833333334 0.6180555555555556 0.8255208333333334 0.6296296296296297 0.8255208333333334 0.6504629629629629 0.8138020833333334 0.6504629629629629 0.8033854166666666 0.6273148148148148 0.7916666666666666 0.6273148148148148 0.7825520833333334 0.6527777777777778 0.7591145833333334 0.6597222222222222 0.7122395833333334 0.6712962962962963 0.7018229166666666 0.6689814814814815 0.6184895833333334 0.6597222222222222 0.6171875 0.625 0.6302083333333334 0.5717592592592593 0.6302083333333334 0.5370370370370371 0.6276041666666666 0.5 0.6158854166666666 0.4305555555555556 0.6119791666666666 0.37962962962962965 0.6197916666666666 0.3125 0.6028645833333334 0.2569444444444444 0.6015625 0.21064814814814814 0.6067708333333334 0.16898148148148148 0.6015625 0.1574074074074074 0.609375 0.1527777777777778 0.63671875
0 0.44212962962962965 0.3190104166666667 0.42592592592592593 0.328125 0.4398148148148148 0.34375 0.42592592592592593 0.41015625 0.45601851851851855 0.4140625 0.6018518518518519 0.4166666666666667 0.6620370370370371 0.4127604166666667 0.6666666666666666 0.40234375 0.7453703703703703 0.3372395833333333 0.7453703703703703 0.32421875 0.6990740740740741 0.3033854166666667 0.6967592592592593 0.2903645833333333 0.6759259259259259 0.2799479166666667 0.6689814814814815 0.28125 0.6666666666666666 0.2955729166666667 0.6481481481481481 0.2955729166666667 0.5995370370370371 0.28125 0.5648148148148148 0.2799479166666667 0.5092592592592593 0.2916666666666667 0.44212962962962965 0.3190104166666667
0 0.33564814814814814 0.3736979166666667 0.33101851851851855 0.390625 0.33796296296296297 0.41015625 0.3449074074074074 0.4114583333333333 0.6412037037037037 0.4153645833333333 0.6620370370370371 0.4114583333333333 0.7037037037037037 0.3697916666666667 0.7407407407407407 0.34375 0.7453703703703703 0.3229166666666667 0.7013888888888888 0.3033854166666667 0.7060185185185185 0.296875 0.6875 0.28125 0.6712962962962963 0.2786458333333333 0.6712962962962963 0.29296875 0.6481481481481481 0.2955729166666667 0.6064814814814815 0.2825520833333333 0.5648148148148148 0.2799479166666667 0.5 0.2942708333333333 0.4050925925925926 0.3346354166666667 0.3587962962962963 0.34765625 0.35185185185185186 0.36328125 0.33564814814814814 0.3736979166666667
0 0.023148148148148147 0.7473958333333334 0.020833333333333332 0.7513020833333334 0.03009259259259259 0.7552083333333334 0.02546296296296296 0.7682291666666666 0.032407407407407406 0.7708333333333334 0.03935185185185185 0.7890625 0.04861111111111111 0.7890625 0.0625 0.7994791666666666 0.09490740740740741 0.8059895833333334 0.1388888888888889 0.8059895833333334 0.13194444444444445 0.8059895833333334 0.1388888888888889 0.80078125 0.13194444444444445 0.7890625 0.1111111111111111 0.77734375 0.1111111111111111 0.765625 0.09722222222222222 0.7552083333333334 0.08333333333333333 0.75390625 0.0763888888888889 0.74609375 0.06944444444444445 0.7513020833333334 0.0625 0.7421875 0.04861111111111111 0.7395833333333334 0.03009259259259259 0.7486979166666666 0.023148148148148147 0.7473958333333334
0 0.1574074074074074 0.6080729166666666 0.15046296296296297 0.6575520833333334 0.1597222222222222 0.66796875 0.3611111111111111 0.8346354166666666 0.3773148148148148 0.83984375 0.41435185185185186 0.83984375 0.4236111111111111 0.8450520833333334 0.4537037037037037 0.8424479166666666 0.4675925925925926 0.84765625 0.49537037037037035 0.8411458333333334 0.5208333333333334 0.84375 0.5763888888888888 0.83984375 0.5972222222222222 0.828125 0.6018518518518519 0.8307291666666666 0.6087962962962963 0.8229166666666666 0.6388888888888888 0.8216145833333334 0.6412037037037037 0.8033854166666666 0.6388888888888888 0.7955729166666666 0.6273148148148148 0.7916666666666666 0.6273148148148148 0.7799479166666666 0.6527777777777778 0.7643229166666666 0.6597222222222222 0.7122395833333334 0.6736111111111112 0.6901041666666666 0.6712962962962963 0.6158854166666666 0.6527777777777778 0.6171875 0.6296296296296297 0.62890625 0.6041666666666666 0.6263020833333334 0.5717592592592593 0.6302083333333334 0.5462962962962963 0.62890625 0.5092592592592593 0.6184895833333334 0.4675925925925926 0.61328125 0.41435185185185186 0.61328125 0.3819444444444444 0.6197916666666666 0.29398148148148145 0.6015625 0.25462962962962965 0.6015625 0.2199074074074074 0.6080729166666666 0.16666666666666666 0.6015625 0.1574074074074074 0.6080729166666666
0 0.6759259259259259 0.5651041666666666 0.6759259259259259 0.5911458333333334 0.6782407407407407 0.5598958333333334 0.6759259259259259 0.5651041666666666
0 0.41203703703703703 0.3138020833333333 0 0
0 0.2152777777777778 0.3997395833333333 0.2199074074074074 0.4075520833333333 0.24305555555555555 0.41015625 0.6574074074074074 0.4140625 0.8009259259259259 0.2890625 0.8379629629629629 0.25390625 0.8472222222222222 0.23697916666666666 0.8333333333333334 0.23046875 0.8125 0.23046875 0.7569444444444444 0.21875 0.6550925925925926 0.22005208333333334 0.5763888888888888 0.23567708333333334 0.47685185185185186 0.2747395833333333 0.46296296296296297 0.2864583333333333 0.44675925925925924 0.2916666666666667 0.44675925925925924 0.3059895833333333 0.4375 0.3111979166666667 0.4236111111111111 0.3033854166666667 0.4305555555555556 0.3098958333333333 0.4212962962962963 0.3125 0.4166666666666667 0.32421875 0.39814814814814814 0.3177083333333333 0.36574074074074076 0.3385416666666667 0.3541666666666667 0.3372395833333333 0.33101851851851855 0.34375 0.3263888888888889 0.3515625 0.3055555555555556 0.359375 0.30324074074074076 0.3658854166666667 0.2847222222222222 0.3723958333333333 0.27314814814814814 0.3697916666666667 0.26157407407407407 0.3815104166666667 0.24768518518518517 0.3815104166666667 0.2152777777777778 0.3997395833333333
0 0.2199074074074074 0.3932291666666667 0.20601851851851852 0.40625 0.25 0.4114583333333333 0.33796296296296297 0.41015625 0.4212962962962963 0.4140625 0.44675925925925924 0.4114583333333333 0.45601851851851855 0.4036458333333333 0.47685185185185186 0.4127604166666667 0.4837962962962963 0.4049479166666667 0.4930555555555556 0.4140625 0.5162037037037037 0.4140625 0.5231481481481481 0.4088541666666667 0.5287037037037037 0.4140625 0.5902777777777778 0.4140625 0.6064814814814815 0.41015625 0.6180555555555556 0.4153645833333333 0.6620370370370371 0.4140625 0.8379629629629629 0.2552083333333333 0.8495370370370371 0.23307291666666666 0.75 0.21744791666666666 0.6597222222222222 0.21875 0.5879629629629629 0.23177083333333334 0.4675925925925926 0.2760416666666667 0.375 0.328125 0.33564814814814814 0.3385416666666667 0.2847222222222222 0.3671875 0.2777777777777778 0.3658854166666667 0.2199074074074074 0.3932291666666667