0 0.13425925925925927 0.6575520833333334 0.13194444444444445 0.66796875 0.1712962962962963 0.6783854166666666 0.16435185185185186 0.6953125 0.2013888888888889 0.73046875 0.36342592592592593 0.8697916666666666 0.3958333333333333 0.890625 0.4305555555555556 0.8841145833333334 0.4976851851851852 0.8919270833333334 0.5277777777777778 0.8841145833333334 0.5833333333333334 0.8854166666666666 0.6087962962962963 0.8776041666666666 0.6782407407407407 0.8736979166666666 0.6990740740740741 0.86328125 0.7361111111111112 0.85546875 0.7569444444444444 0.84375 0.7662037037037037 0.828125 0.7592592592592593 0.8177083333333334 0.7337962962962963 0.7994791666666666 0.7013888888888888 0.7890625 0.6550925925925926 0.765625 0.6643518518518519 0.71484375 0.6620370370370371 0.6640625 0.6319444444444444 0.6549479166666666 0.6273148148148148 0.6432291666666666 0.5254629629629629 0.6458333333333334 0.5 0.63671875 0.4212962962962963 0.6276041666666666 0.3726851851851852 0.63671875 0.34953703703703703 0.6354166666666666 0.28935185185185186 0.6197916666666666 0.25462962962962965 0.6197916666666666 0.23842592592592593 0.625 0.2199074074074074 0.6223958333333334 0.21064814814814814 0.62890625 0.2013888888888889 0.62890625 0.2013888888888889 0.6536458333333334 0.18518518518518517 0.6536458333333334 0.18981481481481483 0.6575520833333334 0.18055555555555555 0.6783854166666666 0.16203703703703703 0.66796875 0.1597222222222222 0.65625 0.14583333333333334 0.6549479166666666 0.1412037037037037 0.6614583333333334
0 0.4652777777777778 0.3033854166666667 0.4513888888888889 0.32421875 0.5069444444444444 0.3138020833333333 0.5277777777777778 0.3138020833333333 0.5393518518518519 0.3072916666666667 0.6365740740740741 0.3072916666666667 0.6527777777777778 0.3125 0.6620370370370371 0.3020833333333333 0.6759259259259259 0.30078125 0.7384259259259259 0.3125 0.7708333333333334 0.3255208333333333 0.8310185185185185 0.2760416666666667 0.8379629629629629 0.2630208333333333 0.7314814814814815 0.24348958333333334 0.6527777777777778 0.24479166666666666 0.5486111111111112 0.265625 0.5023148148148148 0.2825520833333333
0 0.006944444444444444 0.7578125 0 0.76171875 0 0.8385416666666666 0.041666666666666664 0.8528645833333334 0.08101851851851852 0.8515625 0.11342592592592593 0.8606770833333334 0.16435185185185186 0.8606770833333334 0.16898148148148148 0.8528645833333334 0.1550925925925926 0.8346354166666666 0.06018518518518518 0.7526041666666666 0.041666666666666664 0.7447916666666666 0.03009259259259259 0.75 0.027777777777777776 0.76171875
0 0.125 0.6510416666666666 0.125 0.6627604166666666 0.14814814814814814 0.6848958333333334 0.39351851851851855 0.8919270833333334 0.4027777777777778 0.8932291666666666 0.4166666666666667 0.88671875 0.43287037037037035 0.8854166666666666 0.5 0.8932291666666666 0.5300925925925926 0.8841145833333334 0.5833333333333334 0.88671875 0.6087962962962963 0.87890625 0.6689814814814815 0.8763020833333334 0.7268518518518519 0.8580729166666666 0.7337962962962963 0.859375 0.7592592592592593 0.84375 0.7685185185185185 0.8203125 0.7314814814814815 0.796875 0.6990740740740741 0.7877604166666666 0.6550925925925926 0.7643229166666666 0.6620370370370371 0.7356770833333334 0.6597222222222222 0.6653645833333334 0.6273148148148148 0.6536458333333334 0.625 0.6432291666666666 0.5138888888888888 0.6458333333333334 0.5 0.63671875 0.41435185185185186 0.6276041666666666 0.375 0.63671875 0.3472222222222222 0.6354166666666666 0.31712962962962965 0.625 0.27314814814814814 0.6184895833333334 0.24074074074074073 0.6236979166666666 0.2152777777777778 0.6223958333333334 0.21064814814814814 0.6276041666666666 0.17592592592592593 0.6276041666666666 0.15046296296296297 0.6223958333333334 0.13657407407407407 0.6302083333333334
0 0.26157407407407407 0.40625 0.25462962962962965 0.4114583333333333 0.25462962962962965 0.4205729166666667 0.26157407407407407 0.4244791666666667 0.6504629629629629 0.4296875 0.7407407407407407 0.3528645833333333 0.7569444444444444 0.3333333333333333 0.7569444444444444 0.32421875 0.7407407407407407 0.31640625 0.7245370370370371 0.31640625 0.6736111111111112 0.3033854166666667 0.6620370370370371 0.3072916666666667 0.6550925925925926 0.31640625 0.6388888888888888 0.3125 0.6226851851851852 0.3151041666666667 0.5439814814814815 0.3111979166666667 0.5277777777777778 0.3177083333333333 0.48842592592592593 0.3190104166666667 0.3541666666666667 0.3606770833333333
0 0.004629629629629629 0.7552083333333334 0 0.8385416666666666 0.032407407407407406 0.8515625 0.1712962962962963 0.8645833333333334 0.17592592592592593 0.8567708333333334 0.1550925925925926 0.8346354166666666 0.05555555555555555 0.7486979166666666 0.034722222222222224 0.7447916666666666
0 0.12731481481481483 0.6497395833333334 0.125 0.6614583333333334 0.14814814814814814 0.6848958333333334 0.36574074074074076 0.8723958333333334 0.39814814814814814 0.89453125 0.42824074074074076 0.8854166666666666 0.5 0.89453125 0.5324074074074074 0.8841145833333334 0.5856481481481481 0.8880208333333334 0.6087962962962963 0.8802083333333334 0.6527777777777778 0.8802083333333334 0.7060185185185185 0.8697916666666666 0.7175925925925926 0.86328125 0.7384259259259259 0.8619791666666666 0.7638888888888888 0.8450520833333334 0.7777777777777778 0.8645833333333334 0.7847222222222222 0.859375 0.7916666666666666 0.86328125 0.8055555555555556 0.8450520833333334 0.8125 0.859375 0.8310185185185185 0.8645833333333334 0.8587962962962963 0.86328125 0.8680555555555556 0.8723958333333334 0.8726851851851852 0.8684895833333334 0.8912037037037037 0.8697916666666666 0.8958333333333334 0.875 0.9050925925925926 0.87109375 0.9097222222222222 0.8776041666666666 0.9236111111111112 0.8802083333333334 0.9421296296296297 0.8763020833333334 0.9583333333333334 0.8802083333333334 0.9652777777777778 0.8776041666666666 0.9652777777777778 0.859375 0.9583333333333334 0.8567708333333334 0.9421296296296297 0.8580729166666666 0.9282407407407407 0.8515625 0.8981481481481481 0.8515625 0.8726851851851852 0.84375 0.8611111111111112 0.8502604166666666 0.8564814814814815 0.8450520833333334 0.8240740740740741 0.8372395833333334 0.8032407407407407 0.8411458333333334 0.7800925925925926 0.8294270833333334 0.7731481481481481 0.81640625 0.7523148148148148 0.8111979166666666 0.7337962962962963 0.7955729166666666 0.6990740740740741 0.7864583333333334 0.6597222222222222 0.7630208333333334 0.6643518518518519 0.6640625 0.6365740740740741 0.6575520833333334 0.625 0.6432291666666666 0.5254629629629629 0.6471354166666666 0.5138888888888888 0.6458333333333334 0.5 0.63671875 0.46296296296296297 0.6315104166666666 0.4375 0.6328125 0.42592592592592593 0.62890625 0.375 0.63671875 0.34953703703703703 0.6354166666666666 0.3125 0.6236979166666666 0.27314814814814814 0.6184895833333334 0.21296296296296297 0.6223958333333334 0.19444444444444445 0.6276041666666666 0.1527777777777778 0.6236979166666666 0.1388888888888889 0.62890625
0 0.7638888888888888 0.9869791666666666 0.7523148148148148 0.9869791666666666 0.7546296296296297 0.9947916666666666 0.7638888888888888 0.9934895833333334
0 0.7916666666666666 0.9348958333333334 0.7893518518518519 0.9466145833333334 0.7962962962962963 0.9427083333333334
0 0.24768518518518517 0.4010416666666667 0.24305555555555555 0.4192708333333333 0.27314814814814814 0.4244791666666667 0.6481481481481481 0.4283854166666667 0.7916666666666666 0.3098958333333333 0.8287037037037037 0.2760416666666667 0.8333333333333334 0.2643229166666667 0.7268518518518519 0.24479166666666666 0.6435185185185185 0.24739583333333334 0.5694444444444444 0.26171875 0.49074074074074076 0.2890625 0.4652777777777778 0.3033854166666667 0.44675925925925924 0.3268229166666667 0.4166666666666667 0.3424479166666667 0.3541666666666667 0.3606770833333333 0.27314814814814814 0.3984375
0 0.034722222222222224 0.84375 0.027777777777777776 0.84375 0.034722222222222224 0.8489583333333334
0 0.02546296296296296 0.81640625 0.018518518518518517 0.8203125 0.020833333333333332 0.8333333333333334 0.032407407407407406 0.8294270833333334 0.046296296296296294 0.8372395833333334 0.05324074074074074 0.8346354166666666 0.0625 0.8385416666666666 0.07407407407407407 0.8346354166666666 0.09259259259259259 0.8463541666666666 0.10185185185185185 0.8411458333333334 0.10648148148148148 0.8489583333333334 0.125 0.84765625 0.12962962962962962 0.84375 0.14351851851851852 0.84765625 0.14351851851851852 0.8372395833333334 0.1087962962962963 0.8111979166666666 0.09953703703703703 0.8151041666666666 0.09259259259259259 0.80859375 0.08333333333333333 0.8098958333333334 0.08564814814814815 0.8177083333333334 0.05555555555555555 0.8294270833333334 0.034722222222222224 0.8151041666666666
0 0.1388888888888889 0.6197916666666666 0.12268518518518519 0.65625 0.12962962962962962 0.66796875 0.36574074074074076 0.87109375 0.39351851851851855 0.8893229166666666 0.41203703703703703 0.8841145833333334 0.4791666666666667 0.890625 0.5 0.890625 0.5324074074074074 0.8828125 0.5833333333333334 0.8854166666666666 0.6064814814814815 0.8776041666666666 0.6851851851851852 0.8723958333333334 0.7013888888888888 0.8619791666666666 0.7361111111111112 0.85546875 0.7569444444444444 0.8450520833333334 0.7662037037037037 0.82421875 0.7291666666666666 0.7981770833333334 0.7013888888888888 0.7890625 0.6574074074074074 0.765625 0.6643518518518519 0.6640625 0.6412037037037037 0.6536458333333334 0.6412037037037037 0.6341145833333334 0.6180555555555556 0.6432291666666666 0.5509259259259259 0.6471354166666666 0.5254629629629629 0.6458333333333334 0.5 0.63671875 0.4444444444444444 0.62890625 0.41203703703703703 0.6276041666666666 0.375 0.6354166666666666 0.3449074074074074 0.6354166666666666 0.28935185185185186 0.6197916666666666 0.2569444444444444 0.6197916666666666 0.24305555555555555 0.6236979166666666 0.2222222222222222 0.62109375 0.19444444444444445 0.6263020833333334 0.16435185185185186 0.6263020833333334 0.14814814814814814 0.6184895833333334
0 0.24537037037037038 0.4036458333333333 0.24305555555555555 0.4192708333333333 0.25925925925925924 0.4244791666666667 0.6504629629629629 0.4283854166666667 0.8125 0.2916666666666667 0.8356481481481481 0.2643229166666667 0.7523148148148148 0.24739583333333334 0.7060185185185185 0.24348958333333334 0.6388888888888888 0.24739583333333334 0.5717592592592593 0.2604166666666667 0.48842592592592593 0.2890625 0.4652777777777778 0.3020833333333333 0.4513888888888889 0.3216145833333333 0.4212962962962963 0.33984375 0.3194444444444444 0.3736979166666667 0.2708333333333333 0.3984375 0.2523148148148148 0.3984375
0 0.24537037037037038 0.40234375 0.24305555555555555 0.4205729166666667 0.25925925925925924 0.4244791666666667 0.6458333333333334 0.4296875 0.7893518518518519 0.3138020833333333 0.8287037037037037 0.27734375 0.8356481481481481 0.2630208333333333 0.7222222222222222 0.24348958333333334 0.6481481481481481 0.24609375 0.5694444444444444 0.2604166666666667 0.48842592592592593 0.2890625 0.4166666666666667 0.3411458333333333 0.3194444444444444 0.3723958333333333 0.27546296296296297 0.3958333333333333 0.25462962962962965 0.3971354166666667